0 0 2353.500000 
0 1 2353.500000 
0 1 2266.000000 
0 2 2266.000000 
0 2 2267.000000 
0 3 2267.000000 
0 3 2368.000000 
0 4 2368.000000 
0 4 2279.500000 
0 5 2279.500000 
0 5 1531.000000 
0 6 1531.000000 
0 6 2325.500000 
0 7 2325.500000 
0 7 2267.000000 
0 8 2267.000000 
0 8 2276.500000 
0 9 2276.500000 
0 9 2291.500000 
0 10 2291.500000 
0 10 2277.000000 
0 11 2277.000000 
0 11 2299.500000 
0 12 2299.500000 
0 12 2322.500000 
0 13 2322.500000 
0 13 2329.000000 
0 14 2329.000000 
0 14 2299.000000 
0 15 2299.000000 
0 15 2323.500000 
0 16 2323.500000 
0 16 2318.000000 
0 17 2318.000000 
0 17 2305.000000 
0 18 2305.000000 
0 18 2282.500000 
0 19 2282.500000 
0 19 2324.000000 
0 20 2324.000000 
0 20 2303.000000 
0 21 2303.000000 
0 21 2326.000000 
0 22 2326.000000 
0 22 2378.000000 
0 23 2378.000000 
0 23 2327.500000 
0 24 2327.500000 
0 24 1628.500000 
0 25 1628.500000 
0 25 2337.000000 
0 26 2337.000000 
0 26 2334.000000 
0 27 2334.000000 
0 27 2386.000000 
0 28 2386.000000 
0 28 2347.500000 
0 29 2347.500000 
0 29 2286.000000 
0 30 2286.000000 
0 30 2316.000000 
0 31 2316.000000 
0 31 2329.000000 
0 32 2329.000000 
0 32 0.000000 

1 0 2353.500000 
1 1 2353.500000 
1 1 2266.000000 
1 2 2266.000000 
1 2 2267.000000 
1 3 2267.000000 
1 3 2368.000000 
1 4 2368.000000 
1 4 2279.500000 
1 5 2279.500000 
1 5 1531.000000 
1 6 1531.000000 
1 6 2325.500000 
1 7 2325.500000 
1 7 2267.000000 
1 8 2267.000000 
1 8 2276.500000 
1 9 2276.500000 
1 9 2291.500000 
1 10 2291.500000 
1 10 2277.000000 
1 11 2277.000000 
1 11 2299.500000 
1 12 2299.500000 
1 12 2322.500000 
1 13 2322.500000 
1 13 2329.000000 
1 14 2329.000000 
1 14 2299.000000 
1 15 2299.000000 
1 15 2323.500000 
1 16 2323.500000 
1 16 2318.000000 
1 17 2318.000000 
1 17 2305.000000 
1 18 2305.000000 
1 18 2282.500000 
1 19 2282.500000 
1 19 2324.000000 
1 20 2324.000000 
1 20 2303.000000 
1 21 2303.000000 
1 21 2326.000000 
1 22 2326.000000 
1 22 2378.000000 
1 23 2378.000000 
1 23 2327.500000 
1 24 2327.500000 
1 24 1628.500000 
1 25 1628.500000 
1 25 2337.000000 
1 26 2337.000000 
1 26 2334.000000 
1 27 2334.000000 
1 27 2386.000000 
1 28 2386.000000 
1 28 2347.500000 
1 29 2347.500000 
1 29 2286.000000 
1 30 2286.000000 
1 30 2316.000000 
1 31 2316.000000 
1 31 2329.000000 
1 32 2329.000000 
1 32 0.000000 

1 0 2392.500000 
1 1 2392.500000 
1 1 2346.000000 
1 2 2346.000000 
1 2 2373.000000 
1 3 2373.000000 
1 3 2282.500000 
1 4 2282.500000 
1 4 2253.000000 
1 5 2253.000000 
1 5 2205.000000 
1 6 2205.000000 
1 6 2288.500000 
1 7 2288.500000 
1 7 2263.500000 
1 8 2263.500000 
1 8 2229.500000 
1 9 2229.500000 
1 9 2250.000000 
1 10 2250.000000 
1 10 2330.000000 
1 11 2330.000000 
1 11 2304.000000 
1 12 2304.000000 
1 12 2311.000000 
1 13 2311.000000 
1 13 2319.500000 
1 14 2319.500000 
1 14 2267.500000 
1 15 2267.500000 
1 15 2244.500000 
1 16 2244.500000 
1 16 2288.500000 
1 17 2288.500000 
1 17 2299.000000 
1 18 2299.000000 
1 18 2371.000000 
1 19 2371.000000 
1 19 2310.000000 
1 20 2310.000000 
1 20 2328.000000 
1 21 2328.000000 
1 21 2318.500000 
1 22 2318.500000 
1 22 2361.000000 
1 23 2361.000000 
1 23 2309.500000 
1 24 2309.500000 
1 24 2379.000000 
1 25 2379.000000 
1 25 2353.000000 
1 26 2353.000000 
1 26 2347.500000 
1 27 2347.500000 
1 27 2382.500000 
1 28 2382.500000 
1 28 2321.500000 
1 29 2321.500000 
1 29 2279.000000 
1 30 2279.000000 
1 30 2292.500000 
1 31 2292.500000 
1 31 2337.000000 
1 32 2337.000000 
1 32 0.000000 

2 0 2392.500000 
2 1 2392.500000 
2 1 2346.000000 
2 2 2346.000000 
2 2 2373.000000 
2 3 2373.000000 
2 3 2282.500000 
2 4 2282.500000 
2 4 2253.000000 
2 5 2253.000000 
2 5 2205.000000 
2 6 2205.000000 
2 6 2288.500000 
2 7 2288.500000 
2 7 2263.500000 
2 8 2263.500000 
2 8 2229.500000 
2 9 2229.500000 
2 9 2250.000000 
2 10 2250.000000 
2 10 2330.000000 
2 11 2330.000000 
2 11 2304.000000 
2 12 2304.000000 
2 12 2311.000000 
2 13 2311.000000 
2 13 2319.500000 
2 14 2319.500000 
2 14 2267.500000 
2 15 2267.500000 
2 15 2244.500000 
2 16 2244.500000 
2 16 2288.500000 
2 17 2288.500000 
2 17 2299.000000 
2 18 2299.000000 
2 18 2371.000000 
2 19 2371.000000 
2 19 2310.000000 
2 20 2310.000000 
2 20 2328.000000 
2 21 2328.000000 
2 21 2318.500000 
2 22 2318.500000 
2 22 2361.000000 
2 23 2361.000000 
2 23 2309.500000 
2 24 2309.500000 
2 24 2379.000000 
2 25 2379.000000 
2 25 2353.000000 
2 26 2353.000000 
2 26 2347.500000 
2 27 2347.500000 
2 27 2382.500000 
2 28 2382.500000 
2 28 2321.500000 
2 29 2321.500000 
2 29 2279.000000 
2 30 2279.000000 
2 30 2292.500000 
2 31 2292.500000 
2 31 2337.000000 
2 32 2337.000000 
2 32 0.000000 

2 0 2197.000000 
2 1 2197.000000 
2 1 2205.000000 
2 2 2205.000000 
2 2 2235.500000 
2 3 2235.500000 
2 3 2252.500000 
2 4 2252.500000 
2 4 2268.500000 
2 5 2268.500000 
2 5 2217.500000 
2 6 2217.500000 
2 6 2199.500000 
2 7 2199.500000 
2 7 2262.000000 
2 8 2262.000000 
2 8 2185.000000 
2 9 2185.000000 
2 9 2287.000000 
2 10 2287.000000 
2 10 2308.500000 
2 11 2308.500000 
2 11 2267.000000 
2 12 2267.000000 
2 12 2348.000000 
2 13 2348.000000 
2 13 2286.000000 
2 14 2286.000000 
2 14 2272.000000 
2 15 2272.000000 
2 15 2272.000000 
2 16 2272.000000 
2 16 2245.500000 
2 17 2245.500000 
2 17 2243.000000 
2 18 2243.000000 
2 18 2313.000000 
2 19 2313.000000 
2 19 2321.500000 
2 20 2321.500000 
2 20 896.500000 
2 21 896.500000 
2 21 2319.500000 
2 22 2319.500000 
2 22 2389.500000 
2 23 2389.500000 
2 23 2360.500000 
2 24 2360.500000 
2 24 2348.500000 
2 25 2348.500000 
2 25 2348.500000 
2 26 2348.500000 
2 26 2347.000000 
2 27 2347.000000 
2 27 2382.000000 
2 28 2382.000000 
2 28 2398.000000 
2 29 2398.000000 
2 29 2315.500000 
2 30 2315.500000 
2 30 2349.000000 
2 31 2349.000000 
2 31 2318.000000 
2 32 2318.000000 
2 32 0.000000 

3 0 2197.000000 
3 1 2197.000000 
3 1 2205.000000 
3 2 2205.000000 
3 2 2235.500000 
3 3 2235.500000 
3 3 2252.500000 
3 4 2252.500000 
3 4 2268.500000 
3 5 2268.500000 
3 5 2217.500000 
3 6 2217.500000 
3 6 2199.500000 
3 7 2199.500000 
3 7 2262.000000 
3 8 2262.000000 
3 8 2185.000000 
3 9 2185.000000 
3 9 2287.000000 
3 10 2287.000000 
3 10 2308.500000 
3 11 2308.500000 
3 11 2267.000000 
3 12 2267.000000 
3 12 2348.000000 
3 13 2348.000000 
3 13 2286.000000 
3 14 2286.000000 
3 14 2272.000000 
3 15 2272.000000 
3 15 2272.000000 
3 16 2272.000000 
3 16 2245.500000 
3 17 2245.500000 
3 17 2243.000000 
3 18 2243.000000 
3 18 2313.000000 
3 19 2313.000000 
3 19 2321.500000 
3 20 2321.500000 
3 20 896.500000 
3 21 896.500000 
3 21 2319.500000 
3 22 2319.500000 
3 22 2389.500000 
3 23 2389.500000 
3 23 2360.500000 
3 24 2360.500000 
3 24 2348.500000 
3 25 2348.500000 
3 25 2348.500000 
3 26 2348.500000 
3 26 2347.000000 
3 27 2347.000000 
3 27 2382.000000 
3 28 2382.000000 
3 28 2398.000000 
3 29 2398.000000 
3 29 2315.500000 
3 30 2315.500000 
3 30 2349.000000 
3 31 2349.000000 
3 31 2318.000000 
3 32 2318.000000 
3 32 0.000000 

3 0 1458.500000 
3 1 1458.500000 
3 1 2144.000000 
3 2 2144.000000 
3 2 2181.500000 
3 3 2181.500000 
3 3 2181.500000 
3 4 2181.500000 
3 4 2264.500000 
3 5 2264.500000 
3 5 2163.000000 
3 6 2163.000000 
3 6 2260.000000 
3 7 2260.000000 
3 7 2193.000000 
3 8 2193.000000 
3 8 2243.500000 
3 9 2243.500000 
3 9 2253.000000 
3 10 2253.000000 
3 10 816.500000 
3 11 816.500000 
3 11 2272.000000 
3 12 2272.000000 
3 12 2254.500000 
3 13 2254.500000 
3 13 2258.000000 
3 14 2258.000000 
3 14 2278.000000 
3 15 2278.000000 
3 15 2255.000000 
3 16 2255.000000 
3 16 2248.500000 
3 17 2248.500000 
3 17 2261.500000 
3 18 2261.500000 
3 18 2299.000000 
3 19 2299.000000 
3 19 2227.000000 
3 20 2227.000000 
3 20 2360.500000 
3 21 2360.500000 
3 21 2280.500000 
3 22 2280.500000 
3 22 2323.000000 
3 23 2323.000000 
3 23 2348.500000 
3 24 2348.500000 
3 24 2392.500000 
3 25 2392.500000 
3 25 2341.500000 
3 26 2341.500000 
3 26 927.000000 
3 27 927.000000 
3 27 2354.500000 
3 28 2354.500000 
3 28 929.500000 
3 29 929.500000 
3 29 2292.000000 
3 30 2292.000000 
3 30 2313.500000 
3 31 2313.500000 
3 31 2322.500000 
3 32 2322.500000 
3 32 0.000000 

4 0 1458.500000 
4 1 1458.500000 
4 1 2144.000000 
4 2 2144.000000 
4 2 2181.500000 
4 3 2181.500000 
4 3 2181.500000 
4 4 2181.500000 
4 4 2264.500000 
4 5 2264.500000 
4 5 2163.000000 
4 6 2163.000000 
4 6 2260.000000 
4 7 2260.000000 
4 7 2193.000000 
4 8 2193.000000 
4 8 2243.500000 
4 9 2243.500000 
4 9 2253.000000 
4 10 2253.000000 
4 10 816.500000 
4 11 816.500000 
4 11 2272.000000 
4 12 2272.000000 
4 12 2254.500000 
4 13 2254.500000 
4 13 2258.000000 
4 14 2258.000000 
4 14 2278.000000 
4 15 2278.000000 
4 15 2255.000000 
4 16 2255.000000 
4 16 2248.500000 
4 17 2248.500000 
4 17 2261.500000 
4 18 2261.500000 
4 18 2299.000000 
4 19 2299.000000 
4 19 2227.000000 
4 20 2227.000000 
4 20 2360.500000 
4 21 2360.500000 
4 21 2280.500000 
4 22 2280.500000 
4 22 2323.000000 
4 23 2323.000000 
4 23 2348.500000 
4 24 2348.500000 
4 24 2392.500000 
4 25 2392.500000 
4 25 2341.500000 
4 26 2341.500000 
4 26 927.000000 
4 27 927.000000 
4 27 2354.500000 
4 28 2354.500000 
4 28 929.500000 
4 29 929.500000 
4 29 2292.000000 
4 30 2292.000000 
4 30 2313.500000 
4 31 2313.500000 
4 31 2322.500000 
4 32 2322.500000 
4 32 0.000000 

4 0 2157.000000 
4 1 2157.000000 
4 1 2156.000000 
4 2 2156.000000 
4 2 750.500000 
4 3 750.500000 
4 3 2136.500000 
4 4 2136.500000 
4 4 2200.500000 
4 5 2200.500000 
4 5 2156.500000 
4 6 2156.500000 
4 6 2267.500000 
4 7 2267.500000 
4 7 2280.000000 
4 8 2280.000000 
4 8 2187.500000 
4 9 2187.500000 
4 9 2199.500000 
4 10 2199.500000 
4 10 2275.500000 
4 11 2275.500000 
4 11 2313.500000 
4 12 2313.500000 
4 12 2267.500000 
4 13 2267.500000 
4 13 2247.500000 
4 14 2247.500000 
4 14 2317.500000 
4 15 2317.500000 
4 15 2370.500000 
4 16 2370.500000 
4 16 2295.500000 
4 17 2295.500000 
4 17 2290.500000 
4 18 2290.500000 
4 18 2235.000000 
4 19 2235.000000 
4 19 2299.000000 
4 20 2299.000000 
4 20 2267.000000 
4 21 2267.000000 
4 21 2312.500000 
4 22 2312.500000 
4 22 2328.500000 
4 23 2328.500000 
4 23 2358.500000 
4 24 2358.500000 
4 24 2367.000000 
4 25 2367.000000 
4 25 2364.000000 
4 26 2364.000000 
4 26 902.000000 
4 27 902.000000 
4 27 2397.000000 
4 28 2397.000000 
4 28 2359.000000 
4 29 2359.000000 
4 29 1084.500000 
4 30 1084.500000 
4 30 2255.500000 
4 31 2255.500000 
4 31 2327.500000 
4 32 2327.500000 
4 32 0.000000 

5 0 2157.000000 
5 1 2157.000000 
5 1 2156.000000 
5 2 2156.000000 
5 2 750.500000 
5 3 750.500000 
5 3 2136.500000 
5 4 2136.500000 
5 4 2200.500000 
5 5 2200.500000 
5 5 2156.500000 
5 6 2156.500000 
5 6 2267.500000 
5 7 2267.500000 
5 7 2280.000000 
5 8 2280.000000 
5 8 2187.500000 
5 9 2187.500000 
5 9 2199.500000 
5 10 2199.500000 
5 10 2275.500000 
5 11 2275.500000 
5 11 2313.500000 
5 12 2313.500000 
5 12 2267.500000 
5 13 2267.500000 
5 13 2247.500000 
5 14 2247.500000 
5 14 2317.500000 
5 15 2317.500000 
5 15 2370.500000 
5 16 2370.500000 
5 16 2295.500000 
5 17 2295.500000 
5 17 2290.500000 
5 18 2290.500000 
5 18 2235.000000 
5 19 2235.000000 
5 19 2299.000000 
5 20 2299.000000 
5 20 2267.000000 
5 21 2267.000000 
5 21 2312.500000 
5 22 2312.500000 
5 22 2328.500000 
5 23 2328.500000 
5 23 2358.500000 
5 24 2358.500000 
5 24 2367.000000 
5 25 2367.000000 
5 25 2364.000000 
5 26 2364.000000 
5 26 902.000000 
5 27 902.000000 
5 27 2397.000000 
5 28 2397.000000 
5 28 2359.000000 
5 29 2359.000000 
5 29 1084.500000 
5 30 1084.500000 
5 30 2255.500000 
5 31 2255.500000 
5 31 2327.500000 
5 32 2327.500000 
5 32 0.000000 

5 0 1417.000000 
5 1 1417.000000 
5 1 2074.000000 
5 2 2074.000000 
5 2 2141.500000 
5 3 2141.500000 
5 3 2211.500000 
5 4 2211.500000 
5 4 2205.500000 
5 5 2205.500000 
5 5 2224.000000 
5 6 2224.000000 
5 6 2220.000000 
5 7 2220.000000 
5 7 2197.500000 
5 8 2197.500000 
5 8 2198.000000 
5 9 2198.000000 
5 9 2200.500000 
5 10 2200.500000 
5 10 2346.500000 
5 11 2346.500000 
5 11 2295.500000 
5 12 2295.500000 
5 12 2300.500000 
5 13 2300.500000 
5 13 2351.000000 
5 14 2351.000000 
5 14 2343.500000 
5 15 2343.500000 
5 15 2363.000000 
5 16 2363.000000 
5 16 2310.000000 
5 17 2310.000000 
5 17 2287.000000 
5 18 2287.000000 
5 18 2314.000000 
5 19 2314.000000 
5 19 859.500000 
5 20 859.500000 
5 20 2358.500000 
5 21 2358.500000 
5 21 2397.000000 
5 22 2397.000000 
5 22 2370.500000 
5 23 2370.500000 
5 23 2356.500000 
5 24 2356.500000 
5 24 2372.000000 
5 25 2372.000000 
5 25 2371.500000 
5 26 2371.500000 
5 26 2348.000000 
5 27 2348.000000 
5 27 2324.500000 
5 28 2324.500000 
5 28 2336.500000 
5 29 2336.500000 
5 29 2284.500000 
5 30 2284.500000 
5 30 2321.000000 
5 31 2321.000000 
5 31 2293.500000 
5 32 2293.500000 
5 32 0.000000 

6 0 1417.000000 
6 1 1417.000000 
6 1 2074.000000 
6 2 2074.000000 
6 2 2141.500000 
6 3 2141.500000 
6 3 2211.500000 
6 4 2211.500000 
6 4 2205.500000 
6 5 2205.500000 
6 5 2224.000000 
6 6 2224.000000 
6 6 2220.000000 
6 7 2220.000000 
6 7 2197.500000 
6 8 2197.500000 
6 8 2198.000000 
6 9 2198.000000 
6 9 2200.500000 
6 10 2200.500000 
6 10 2346.500000 
6 11 2346.500000 
6 11 2295.500000 
6 12 2295.500000 
6 12 2300.500000 
6 13 2300.500000 
6 13 2351.000000 
6 14 2351.000000 
6 14 2343.500000 
6 15 2343.500000 
6 15 2363.000000 
6 16 2363.000000 
6 16 2310.000000 
6 17 2310.000000 
6 17 2287.000000 
6 18 2287.000000 
6 18 2314.000000 
6 19 2314.000000 
6 19 859.500000 
6 20 859.500000 
6 20 2358.500000 
6 21 2358.500000 
6 21 2397.000000 
6 22 2397.000000 
6 22 2370.500000 
6 23 2370.500000 
6 23 2356.500000 
6 24 2356.500000 
6 24 2372.000000 
6 25 2372.000000 
6 25 2371.500000 
6 26 2371.500000 
6 26 2348.000000 
6 27 2348.000000 
6 27 2324.500000 
6 28 2324.500000 
6 28 2336.500000 
6 29 2336.500000 
6 29 2284.500000 
6 30 2284.500000 
6 30 2321.000000 
6 31 2321.000000 
6 31 2293.500000 
6 32 2293.500000 
6 32 0.000000 

6 0 2099.500000 
6 1 2099.500000 
6 1 2112.500000 
6 2 2112.500000 
6 2 2165.500000 
6 3 2165.500000 
6 3 2148.000000 
6 4 2148.000000 
6 4 2244.500000 
6 5 2244.500000 
6 5 2165.500000 
6 6 2165.500000 
6 6 2215.500000 
6 7 2215.500000 
6 7 2247.500000 
6 8 2247.500000 
6 8 2232.500000 
6 9 2232.500000 
6 9 2253.000000 
6 10 2253.000000 
6 10 2300.500000 
6 11 2300.500000 
6 11 2254.500000 
6 12 2254.500000 
6 12 2287.000000 
6 13 2287.000000 
6 13 2305.500000 
6 14 2305.500000 
6 14 2347.500000 
6 15 2347.500000 
6 15 2338.500000 
6 16 2338.500000 
6 16 2333.000000 
6 17 2333.000000 
6 17 2296.500000 
6 18 2296.500000 
6 18 2325.000000 
6 19 2325.000000 
6 19 2318.000000 
6 20 2318.000000 
6 20 2347.500000 
6 21 2347.500000 
6 21 2363.500000 
6 22 2363.500000 
6 22 2379.000000 
6 23 2379.000000 
6 23 2353.500000 
6 24 2353.500000 
6 24 2339.000000 
6 25 2339.000000 
6 25 2312.000000 
6 26 2312.000000 
6 26 2324.500000 
6 27 2324.500000 
6 27 2371.500000 
6 28 2371.500000 
6 28 2271.500000 
6 29 2271.500000 
6 29 2237.500000 
6 30 2237.500000 
6 30 2294.500000 
6 31 2294.500000 
6 31 2303.500000 
6 32 2303.500000 
6 32 0.000000 

7 0 2099.500000 
7 1 2099.500000 
7 1 2112.500000 
7 2 2112.500000 
7 2 2165.500000 
7 3 2165.500000 
7 3 2148.000000 
7 4 2148.000000 
7 4 2244.500000 
7 5 2244.500000 
7 5 2165.500000 
7 6 2165.500000 
7 6 2215.500000 
7 7 2215.500000 
7 7 2247.500000 
7 8 2247.500000 
7 8 2232.500000 
7 9 2232.500000 
7 9 2253.000000 
7 10 2253.000000 
7 10 2300.500000 
7 11 2300.500000 
7 11 2254.500000 
7 12 2254.500000 
7 12 2287.000000 
7 13 2287.000000 
7 13 2305.500000 
7 14 2305.500000 
7 14 2347.500000 
7 15 2347.500000 
7 15 2338.500000 
7 16 2338.500000 
7 16 2333.000000 
7 17 2333.000000 
7 17 2296.500000 
7 18 2296.500000 
7 18 2325.000000 
7 19 2325.000000 
7 19 2318.000000 
7 20 2318.000000 
7 20 2347.500000 
7 21 2347.500000 
7 21 2363.500000 
7 22 2363.500000 
7 22 2379.000000 
7 23 2379.000000 
7 23 2353.500000 
7 24 2353.500000 
7 24 2339.000000 
7 25 2339.000000 
7 25 2312.000000 
7 26 2312.000000 
7 26 2324.500000 
7 27 2324.500000 
7 27 2371.500000 
7 28 2371.500000 
7 28 2271.500000 
7 29 2271.500000 
7 29 2237.500000 
7 30 2237.500000 
7 30 2294.500000 
7 31 2294.500000 
7 31 2303.500000 
7 32 2303.500000 
7 32 0.000000 

7 0 1423.000000 
7 1 1423.000000 
7 1 2143.000000 
7 2 2143.000000 
7 2 2181.000000 
7 3 2181.000000 
7 3 2179.500000 
7 4 2179.500000 
7 4 2225.500000 
7 5 2225.500000 
7 5 2170.000000 
7 6 2170.000000 
7 6 2216.500000 
7 7 2216.500000 
7 7 2217.500000 
7 8 2217.500000 
7 8 2253.500000 
7 9 2253.500000 
7 9 2298.000000 
7 10 2298.000000 
7 10 2357.000000 
7 11 2357.000000 
7 11 2318.500000 
7 12 2318.500000 
7 12 2300.000000 
7 13 2300.000000 
7 13 2315.000000 
7 14 2315.000000 
7 14 2324.500000 
7 15 2324.500000 
7 15 2300.000000 
7 16 2300.000000 
7 16 2320.500000 
7 17 2320.500000 
7 17 2285.500000 
7 18 2285.500000 
7 18 2299.500000 
7 19 2299.500000 
7 19 2302.500000 
7 20 2302.500000 
7 20 2329.000000 
7 21 2329.000000 
7 21 2338.000000 
7 22 2338.000000 
7 22 2291.500000 
7 23 2291.500000 
7 23 2335.000000 
7 24 2335.000000 
7 24 2314.000000 
7 25 2314.000000 
7 25 2259.000000 
7 26 2259.000000 
7 26 2301.500000 
7 27 2301.500000 
7 27 2313.000000 
7 28 2313.000000 
7 28 2328.500000 
7 29 2328.500000 
7 29 2292.500000 
7 30 2292.500000 
7 30 2316.500000 
7 31 2316.500000 
7 31 2331.000000 
7 32 2331.000000 
7 32 0.000000 

8 0 1423.000000 
8 1 1423.000000 
8 1 2143.000000 
8 2 2143.000000 
8 2 2181.000000 
8 3 2181.000000 
8 3 2179.500000 
8 4 2179.500000 
8 4 2225.500000 
8 5 2225.500000 
8 5 2170.000000 
8 6 2170.000000 
8 6 2216.500000 
8 7 2216.500000 
8 7 2217.500000 
8 8 2217.500000 
8 8 2253.500000 
8 9 2253.500000 
8 9 2298.000000 
8 10 2298.000000 
8 10 2357.000000 
8 11 2357.000000 
8 11 2318.500000 
8 12 2318.500000 
8 12 2300.000000 
8 13 2300.000000 
8 13 2315.000000 
8 14 2315.000000 
8 14 2324.500000 
8 15 2324.500000 
8 15 2300.000000 
8 16 2300.000000 
8 16 2320.500000 
8 17 2320.500000 
8 17 2285.500000 
8 18 2285.500000 
8 18 2299.500000 
8 19 2299.500000 
8 19 2302.500000 
8 20 2302.500000 
8 20 2329.000000 
8 21 2329.000000 
8 21 2338.000000 
8 22 2338.000000 
8 22 2291.500000 
8 23 2291.500000 
8 23 2335.000000 
8 24 2335.000000 
8 24 2314.000000 
8 25 2314.000000 
8 25 2259.000000 
8 26 2259.000000 
8 26 2301.500000 
8 27 2301.500000 
8 27 2313.000000 
8 28 2313.000000 
8 28 2328.500000 
8 29 2328.500000 
8 29 2292.500000 
8 30 2292.500000 
8 30 2316.500000 
8 31 2316.500000 
8 31 2331.000000 
8 32 2331.000000 
8 32 0.000000 

8 0 2157.000000 
8 1 2157.000000 
8 1 2163.000000 
8 2 2163.000000 
8 2 2196.000000 
8 3 2196.000000 
8 3 2156.500000 
8 4 2156.500000 
8 4 2185.500000 
8 5 2185.500000 
8 5 2182.000000 
8 6 2182.000000 
8 6 2221.500000 
8 7 2221.500000 
8 7 2296.000000 
8 8 2296.000000 
8 8 2226.500000 
8 9 2226.500000 
8 9 2262.000000 
8 10 2262.000000 
8 10 2303.500000 
8 11 2303.500000 
8 11 2297.500000 
8 12 2297.500000 
8 12 2357.500000 
8 13 2357.500000 
8 13 2291.000000 
8 14 2291.000000 
8 14 2269.000000 
8 15 2269.000000 
8 15 2327.000000 
8 16 2327.000000 
8 16 2305.000000 
8 17 2305.000000 
8 17 2246.000000 
8 18 2246.000000 
8 18 2294.500000 
8 19 2294.500000 
8 19 837.500000 
8 20 837.500000 
8 20 2242.500000 
8 21 2242.500000 
8 21 840.500000 
8 22 840.500000 
8 22 2324.000000 
8 23 2324.000000 
8 23 2326.500000 
8 24 2326.500000 
8 24 2289.000000 
8 25 2289.000000 
8 25 2350.500000 
8 26 2350.500000 
8 26 2301.000000 
8 27 2301.000000 
8 27 2282.000000 
8 28 2282.000000 
8 28 2266.000000 
8 29 2266.000000 
8 29 2237.500000 
8 30 2237.500000 
8 30 2292.000000 
8 31 2292.000000 
8 31 2261.000000 
8 32 2261.000000 
8 32 0.000000 

9 0 2157.000000 
9 1 2157.000000 
9 1 2163.000000 
9 2 2163.000000 
9 2 2196.000000 
9 3 2196.000000 
9 3 2156.500000 
9 4 2156.500000 
9 4 2185.500000 
9 5 2185.500000 
9 5 2182.000000 
9 6 2182.000000 
9 6 2221.500000 
9 7 2221.500000 
9 7 2296.000000 
9 8 2296.000000 
9 8 2226.500000 
9 9 2226.500000 
9 9 2262.000000 
9 10 2262.000000 
9 10 2303.500000 
9 11 2303.500000 
9 11 2297.500000 
9 12 2297.500000 
9 12 2357.500000 
9 13 2357.500000 
9 13 2291.000000 
9 14 2291.000000 
9 14 2269.000000 
9 15 2269.000000 
9 15 2327.000000 
9 16 2327.000000 
9 16 2305.000000 
9 17 2305.000000 
9 17 2246.000000 
9 18 2246.000000 
9 18 2294.500000 
9 19 2294.500000 
9 19 837.500000 
9 20 837.500000 
9 20 2242.500000 
9 21 2242.500000 
9 21 840.500000 
9 22 840.500000 
9 22 2324.000000 
9 23 2324.000000 
9 23 2326.500000 
9 24 2326.500000 
9 24 2289.000000 
9 25 2289.000000 
9 25 2350.500000 
9 26 2350.500000 
9 26 2301.000000 
9 27 2301.000000 
9 27 2282.000000 
9 28 2282.000000 
9 28 2266.000000 
9 29 2266.000000 
9 29 2237.500000 
9 30 2237.500000 
9 30 2292.000000 
9 31 2292.000000 
9 31 2261.000000 
9 32 2261.000000 
9 32 0.000000 

9 0 2116.000000 
9 1 2116.000000 
9 1 2170.500000 
9 2 2170.500000 
9 2 2173.500000 
9 3 2173.500000 
9 3 2153.000000 
9 4 2153.000000 
9 4 2185.000000 
9 5 2185.000000 
9 5 2179.500000 
9 6 2179.500000 
9 6 2173.500000 
9 7 2173.500000 
9 7 2299.000000 
9 8 2299.000000 
9 8 2313.000000 
9 9 2313.000000 
9 9 764.000000 
9 10 764.000000 
9 10 2339.000000 
9 11 2339.000000 
9 11 2292.500000 
9 12 2292.500000 
9 12 2235.000000 
9 13 2235.000000 
9 13 2313.500000 
9 14 2313.500000 
9 14 2248.000000 
9 15 2248.000000 
9 15 2278.000000 
9 16 2278.000000 
9 16 816.500000 
9 17 816.500000 
9 17 2260.000000 
9 18 2260.000000 
9 18 2274.500000 
9 19 2274.500000 
9 19 2260.500000 
9 20 2260.500000 
9 20 2248.500000 
9 21 2248.500000 
9 21 2292.500000 
9 22 2292.500000 
9 22 2347.500000 
9 23 2347.500000 
9 23 2320.000000 
9 24 2320.000000 
9 24 2298.500000 
9 25 2298.500000 
9 25 2279.000000 
9 26 2279.000000 
9 26 2287.000000 
9 27 2287.000000 
9 27 2240.500000 
9 28 2240.500000 
9 28 2268.000000 
9 29 2268.000000 
9 29 2300.500000 
9 30 2300.500000 
9 30 2286.500000 
9 31 2286.500000 
9 31 2295.000000 
9 32 2295.000000 
9 32 0.000000 

10 0 2116.000000 
10 1 2116.000000 
10 1 2170.500000 
10 2 2170.500000 
10 2 2173.500000 
10 3 2173.500000 
10 3 2153.000000 
10 4 2153.000000 
10 4 2185.000000 
10 5 2185.000000 
10 5 2179.500000 
10 6 2179.500000 
10 6 2173.500000 
10 7 2173.500000 
10 7 2299.000000 
10 8 2299.000000 
10 8 2313.000000 
10 9 2313.000000 
10 9 764.000000 
10 10 764.000000 
10 10 2339.000000 
10 11 2339.000000 
10 11 2292.500000 
10 12 2292.500000 
10 12 2235.000000 
10 13 2235.000000 
10 13 2313.500000 
10 14 2313.500000 
10 14 2248.000000 
10 15 2248.000000 
10 15 2278.000000 
10 16 2278.000000 
10 16 816.500000 
10 17 816.500000 
10 17 2260.000000 
10 18 2260.000000 
10 18 2274.500000 
10 19 2274.500000 
10 19 2260.500000 
10 20 2260.500000 
10 20 2248.500000 
10 21 2248.500000 
10 21 2292.500000 
10 22 2292.500000 
10 22 2347.500000 
10 23 2347.500000 
10 23 2320.000000 
10 24 2320.000000 
10 24 2298.500000 
10 25 2298.500000 
10 25 2279.000000 
10 26 2279.000000 
10 26 2287.000000 
10 27 2287.000000 
10 27 2240.500000 
10 28 2240.500000 
10 28 2268.000000 
10 29 2268.000000 
10 29 2300.500000 
10 30 2300.500000 
10 30 2286.500000 
10 31 2286.500000 
10 31 2295.000000 
10 32 2295.000000 
10 32 0.000000 

10 0 2069.500000 
10 1 2069.500000 
10 1 2111.000000 
10 2 2111.000000 
10 2 2155.000000 
10 3 2155.000000 
10 3 2187.500000 
10 4 2187.500000 
10 4 2170.500000 
10 5 2170.500000 
10 5 2188.500000 
10 6 2188.500000 
10 6 2238.500000 
10 7 2238.500000 
10 7 2245.500000 
10 8 2245.500000 
10 8 2258.500000 
10 9 2258.500000 
10 9 2237.000000 
10 10 2237.000000 
10 10 2296.500000 
10 11 2296.500000 
10 11 2250.500000 
10 12 2250.500000 
10 12 2279.500000 
10 13 2279.500000 
10 13 2254.500000 
10 14 2254.500000 
10 14 2220.000000 
10 15 2220.000000 
10 15 2236.500000 
10 16 2236.500000 
10 16 2299.500000 
10 17 2299.500000 
10 17 2251.500000 
10 18 2251.500000 
10 18 2282.000000 
10 19 2282.000000 
10 19 2284.000000 
10 20 2284.000000 
10 20 2291.000000 
10 21 2291.000000 
10 21 2330.000000 
10 22 2330.000000 
10 22 2286.500000 
10 23 2286.500000 
10 23 2297.500000 
10 24 2297.500000 
10 24 2289.000000 
10 25 2289.000000 
10 25 2281.000000 
10 26 2281.000000 
10 26 2266.500000 
10 27 2266.500000 
10 27 878.500000 
10 28 878.500000 
10 28 2248.500000 
10 29 2248.500000 
10 29 2264.500000 
10 30 2264.500000 
10 30 2277.000000 
10 31 2277.000000 
10 31 2250.500000 
10 32 2250.500000 
10 32 0.000000 

11 0 2069.500000 
11 1 2069.500000 
11 1 2111.000000 
11 2 2111.000000 
11 2 2155.000000 
11 3 2155.000000 
11 3 2187.500000 
11 4 2187.500000 
11 4 2170.500000 
11 5 2170.500000 
11 5 2188.500000 
11 6 2188.500000 
11 6 2238.500000 
11 7 2238.500000 
11 7 2245.500000 
11 8 2245.500000 
11 8 2258.500000 
11 9 2258.500000 
11 9 2237.000000 
11 10 2237.000000 
11 10 2296.500000 
11 11 2296.500000 
11 11 2250.500000 
11 12 2250.500000 
11 12 2279.500000 
11 13 2279.500000 
11 13 2254.500000 
11 14 2254.500000 
11 14 2220.000000 
11 15 2220.000000 
11 15 2236.500000 
11 16 2236.500000 
11 16 2299.500000 
11 17 2299.500000 
11 17 2251.500000 
11 18 2251.500000 
11 18 2282.000000 
11 19 2282.000000 
11 19 2284.000000 
11 20 2284.000000 
11 20 2291.000000 
11 21 2291.000000 
11 21 2330.000000 
11 22 2330.000000 
11 22 2286.500000 
11 23 2286.500000 
11 23 2297.500000 
11 24 2297.500000 
11 24 2289.000000 
11 25 2289.000000 
11 25 2281.000000 
11 26 2281.000000 
11 26 2266.500000 
11 27 2266.500000 
11 27 878.500000 
11 28 878.500000 
11 28 2248.500000 
11 29 2248.500000 
11 29 2264.500000 
11 30 2264.500000 
11 30 2277.000000 
11 31 2277.000000 
11 31 2250.500000 
11 32 2250.500000 
11 32 0.000000 

11 0 2105.500000 
11 1 2105.500000 
11 1 2079.000000 
11 2 2079.000000 
11 2 2186.000000 
11 3 2186.000000 
11 3 2203.500000 
11 4 2203.500000 
11 4 2202.500000 
11 5 2202.500000 
11 5 2203.000000 
11 6 2203.000000 
11 6 2226.000000 
11 7 2226.000000 
11 7 2280.500000 
11 8 2280.500000 
11 8 2281.500000 
11 9 2281.500000 
11 9 2270.000000 
11 10 2270.000000 
11 10 2240.000000 
11 11 2240.000000 
11 11 2309.000000 
11 12 2309.000000 
11 12 1536.000000 
11 13 1536.000000 
11 13 2229.000000 
11 14 2229.000000 
11 14 2155.000000 
11 15 2155.000000 
11 15 2202.500000 
11 16 2202.500000 
11 16 2213.500000 
11 17 2213.500000 
11 17 2259.000000 
11 18 2259.000000 
11 18 2251.000000 
11 19 2251.000000 
11 19 2308.000000 
11 20 2308.000000 
11 20 2308.000000 
11 21 2308.000000 
11 21 2298.000000 
11 22 2298.000000 
11 22 2288.000000 
11 23 2288.000000 
11 23 2352.000000 
11 24 2352.000000 
11 24 2320.000000 
11 25 2320.000000 
11 25 2330.000000 
11 26 2330.000000 
11 26 2259.500000 
11 27 2259.500000 
11 27 2275.500000 
11 28 2275.500000 
11 28 2232.000000 
11 29 2232.000000 
11 29 2235.500000 
11 30 2235.500000 
11 30 2213.500000 
11 31 2213.500000 
11 31 2243.500000 
11 32 2243.500000 
11 32 0.000000 

12 0 2105.500000 
12 1 2105.500000 
12 1 2079.000000 
12 2 2079.000000 
12 2 2186.000000 
12 3 2186.000000 
12 3 2203.500000 
12 4 2203.500000 
12 4 2202.500000 
12 5 2202.500000 
12 5 2203.000000 
12 6 2203.000000 
12 6 2226.000000 
12 7 2226.000000 
12 7 2280.500000 
12 8 2280.500000 
12 8 2281.500000 
12 9 2281.500000 
12 9 2270.000000 
12 10 2270.000000 
12 10 2240.000000 
12 11 2240.000000 
12 11 2309.000000 
12 12 2309.000000 
12 12 1536.000000 
12 13 1536.000000 
12 13 2229.000000 
12 14 2229.000000 
12 14 2155.000000 
12 15 2155.000000 
12 15 2202.500000 
12 16 2202.500000 
12 16 2213.500000 
12 17 2213.500000 
12 17 2259.000000 
12 18 2259.000000 
12 18 2251.000000 
12 19 2251.000000 
12 19 2308.000000 
12 20 2308.000000 
12 20 2308.000000 
12 21 2308.000000 
12 21 2298.000000 
12 22 2298.000000 
12 22 2288.000000 
12 23 2288.000000 
12 23 2352.000000 
12 24 2352.000000 
12 24 2320.000000 
12 25 2320.000000 
12 25 2330.000000 
12 26 2330.000000 
12 26 2259.500000 
12 27 2259.500000 
12 27 2275.500000 
12 28 2275.500000 
12 28 2232.000000 
12 29 2232.000000 
12 29 2235.500000 
12 30 2235.500000 
12 30 2213.500000 
12 31 2213.500000 
12 31 2243.500000 
12 32 2243.500000 
12 32 0.000000 

12 0 2134.500000 
12 1 2134.500000 
12 1 2138.000000 
12 2 2138.000000 
12 2 2145.500000 
12 3 2145.500000 
12 3 2149.000000 
12 4 2149.000000 
12 4 2179.500000 
12 5 2179.500000 
12 5 2256.500000 
12 6 2256.500000 
12 6 2183.500000 
12 7 2183.500000 
12 7 2199.000000 
12 8 2199.000000 
12 8 2213.000000 
12 9 2213.000000 
12 9 2247.000000 
12 10 2247.000000 
12 10 2218.000000 
12 11 2218.000000 
12 11 2232.500000 
12 12 2232.500000 
12 12 2210.500000 
12 13 2210.500000 
12 13 2238.500000 
12 14 2238.500000 
12 14 2214.000000 
12 15 2214.000000 
12 15 2153.000000 
12 16 2153.000000 
12 16 2193.500000 
12 17 2193.500000 
12 17 2240.500000 
12 18 2240.500000 
12 18 2245.500000 
12 19 2245.500000 
12 19 2297.000000 
12 20 2297.000000 
12 20 2285.500000 
12 21 2285.500000 
12 21 2244.500000 
12 22 2244.500000 
12 22 2289.000000 
12 23 2289.000000 
12 23 2293.000000 
12 24 2293.000000 
12 24 2324.500000 
12 25 2324.500000 
12 25 2294.500000 
12 26 2294.500000 
12 26 2376.500000 
12 27 2376.500000 
12 27 2261.000000 
12 28 2261.000000 
12 28 2265.500000 
12 29 2265.500000 
12 29 2268.500000 
12 30 2268.500000 
12 30 2278.000000 
12 31 2278.000000 
12 31 2279.500000 
12 32 2279.500000 
12 32 0.000000 

13 0 2134.500000 
13 1 2134.500000 
13 1 2138.000000 
13 2 2138.000000 
13 2 2145.500000 
13 3 2145.500000 
13 3 2149.000000 
13 4 2149.000000 
13 4 2179.500000 
13 5 2179.500000 
13 5 2256.500000 
13 6 2256.500000 
13 6 2183.500000 
13 7 2183.500000 
13 7 2199.000000 
13 8 2199.000000 
13 8 2213.000000 
13 9 2213.000000 
13 9 2247.000000 
13 10 2247.000000 
13 10 2218.000000 
13 11 2218.000000 
13 11 2232.500000 
13 12 2232.500000 
13 12 2210.500000 
13 13 2210.500000 
13 13 2238.500000 
13 14 2238.500000 
13 14 2214.000000 
13 15 2214.000000 
13 15 2153.000000 
13 16 2153.000000 
13 16 2193.500000 
13 17 2193.500000 
13 17 2240.500000 
13 18 2240.500000 
13 18 2245.500000 
13 19 2245.500000 
13 19 2297.000000 
13 20 2297.000000 
13 20 2285.500000 
13 21 2285.500000 
13 21 2244.500000 
13 22 2244.500000 
13 22 2289.000000 
13 23 2289.000000 
13 23 2293.000000 
13 24 2293.000000 
13 24 2324.500000 
13 25 2324.500000 
13 25 2294.500000 
13 26 2294.500000 
13 26 2376.500000 
13 27 2376.500000 
13 27 2261.000000 
13 28 2261.000000 
13 28 2265.500000 
13 29 2265.500000 
13 29 2268.500000 
13 30 2268.500000 
13 30 2278.000000 
13 31 2278.000000 
13 31 2279.500000 
13 32 2279.500000 
13 32 0.000000 

13 0 2136.000000 
13 1 2136.000000 
13 1 2135.500000 
13 2 2135.500000 
13 2 2156.000000 
13 3 2156.000000 
13 3 2198.000000 
13 4 2198.000000 
13 4 2157.500000 
13 5 2157.500000 
13 5 2130.000000 
13 6 2130.000000 
13 6 2225.500000 
13 7 2225.500000 
13 7 2216.500000 
13 8 2216.500000 
13 8 2208.500000 
13 9 2208.500000 
13 9 2219.500000 
13 10 2219.500000 
13 10 2214.000000 
13 11 2214.000000 
13 11 2293.000000 
13 12 2293.000000 
13 12 2238.000000 
13 13 2238.000000 
13 13 2232.500000 
13 14 2232.500000 
13 14 2166.000000 
13 15 2166.000000 
13 15 2112.500000 
13 16 2112.500000 
13 16 2205.500000 
13 17 2205.500000 
13 17 2242.500000 
13 18 2242.500000 
13 18 2291.000000 
13 19 2291.000000 
13 19 2253.000000 
13 20 2253.000000 
13 20 2307.000000 
13 21 2307.000000 
13 21 2300.500000 
13 22 2300.500000 
13 22 2176.500000 
13 23 2176.500000 
13 23 2286.000000 
13 24 2286.000000 
13 24 2246.500000 
13 25 2246.500000 
13 25 2258.500000 
13 26 2258.500000 
13 26 2188.000000 
13 27 2188.000000 
13 27 2297.000000 
13 28 2297.000000 
13 28 2242.000000 
13 29 2242.000000 
13 29 2327.000000 
13 30 2327.000000 
13 30 2230.500000 
13 31 2230.500000 
13 31 2241.500000 
13 32 2241.500000 
13 32 0.000000 

14 0 2136.000000 
14 1 2136.000000 
14 1 2135.500000 
14 2 2135.500000 
14 2 2156.000000 
14 3 2156.000000 
14 3 2198.000000 
14 4 2198.000000 
14 4 2157.500000 
14 5 2157.500000 
14 5 2130.000000 
14 6 2130.000000 
14 6 2225.500000 
14 7 2225.500000 
14 7 2216.500000 
14 8 2216.500000 
14 8 2208.500000 
14 9 2208.500000 
14 9 2219.500000 
14 10 2219.500000 
14 10 2214.000000 
14 11 2214.000000 
14 11 2293.000000 
14 12 2293.000000 
14 12 2238.000000 
14 13 2238.000000 
14 13 2232.500000 
14 14 2232.500000 
14 14 2166.000000 
14 15 2166.000000 
14 15 2112.500000 
14 16 2112.500000 
14 16 2205.500000 
14 17 2205.500000 
14 17 2242.500000 
14 18 2242.500000 
14 18 2291.000000 
14 19 2291.000000 
14 19 2253.000000 
14 20 2253.000000 
14 20 2307.000000 
14 21 2307.000000 
14 21 2300.500000 
14 22 2300.500000 
14 22 2176.500000 
14 23 2176.500000 
14 23 2286.000000 
14 24 2286.000000 
14 24 2246.500000 
14 25 2246.500000 
14 25 2258.500000 
14 26 2258.500000 
14 26 2188.000000 
14 27 2188.000000 
14 27 2297.000000 
14 28 2297.000000 
14 28 2242.000000 
14 29 2242.000000 
14 29 2327.000000 
14 30 2327.000000 
14 30 2230.500000 
14 31 2230.500000 
14 31 2241.500000 
14 32 2241.500000 
14 32 0.000000 

14 0 2134.000000 
14 1 2134.000000 
14 1 2197.000000 
14 2 2197.000000 
14 2 2178.000000 
14 3 2178.000000 
14 3 2161.000000 
14 4 2161.000000 
14 4 2119.000000 
14 5 2119.000000 
14 5 2196.000000 
14 6 2196.000000 
14 6 2127.500000 
14 7 2127.500000 
14 7 2155.000000 
14 8 2155.000000 
14 8 2243.500000 
14 9 2243.500000 
14 9 2190.000000 
14 10 2190.000000 
14 10 2234.000000 
14 11 2234.000000 
14 11 2197.000000 
14 12 2197.000000 
14 12 2239.500000 
14 13 2239.500000 
14 13 2207.500000 
14 14 2207.500000 
14 14 2195.500000 
14 15 2195.500000 
14 15 2149.000000 
14 16 2149.000000 
14 16 2197.500000 
14 17 2197.500000 
14 17 2224.500000 
14 18 2224.500000 
14 18 2293.000000 
14 19 2293.000000 
14 19 2319.500000 
14 20 2319.500000 
14 20 2313.000000 
14 21 2313.000000 
14 21 2293.500000 
14 22 2293.500000 
14 22 2251.000000 
14 23 2251.000000 
14 23 2321.000000 
14 24 2321.000000 
14 24 2228.500000 
14 25 2228.500000 
14 25 2266.000000 
14 26 2266.000000 
14 26 2239.000000 
14 27 2239.000000 
14 27 2274.500000 
14 28 2274.500000 
14 28 1993.000000 
14 29 1993.000000 
14 29 2255.500000 
14 30 2255.500000 
14 30 2245.500000 
14 31 2245.500000 
14 31 2247.000000 
14 32 2247.000000 
14 32 0.000000 

15 0 2134.000000 
15 1 2134.000000 
15 1 2197.000000 
15 2 2197.000000 
15 2 2178.000000 
15 3 2178.000000 
15 3 2161.000000 
15 4 2161.000000 
15 4 2119.000000 
15 5 2119.000000 
15 5 2196.000000 
15 6 2196.000000 
15 6 2127.500000 
15 7 2127.500000 
15 7 2155.000000 
15 8 2155.000000 
15 8 2243.500000 
15 9 2243.500000 
15 9 2190.000000 
15 10 2190.000000 
15 10 2234.000000 
15 11 2234.000000 
15 11 2197.000000 
15 12 2197.000000 
15 12 2239.500000 
15 13 2239.500000 
15 13 2207.500000 
15 14 2207.500000 
15 14 2195.500000 
15 15 2195.500000 
15 15 2149.000000 
15 16 2149.000000 
15 16 2197.500000 
15 17 2197.500000 
15 17 2224.500000 
15 18 2224.500000 
15 18 2293.000000 
15 19 2293.000000 
15 19 2319.500000 
15 20 2319.500000 
15 20 2313.000000 
15 21 2313.000000 
15 21 2293.500000 
15 22 2293.500000 
15 22 2251.000000 
15 23 2251.000000 
15 23 2321.000000 
15 24 2321.000000 
15 24 2228.500000 
15 25 2228.500000 
15 25 2266.000000 
15 26 2266.000000 
15 26 2239.000000 
15 27 2239.000000 
15 27 2274.500000 
15 28 2274.500000 
15 28 1993.000000 
15 29 1993.000000 
15 29 2255.500000 
15 30 2255.500000 
15 30 2245.500000 
15 31 2245.500000 
15 31 2247.000000 
15 32 2247.000000 
15 32 0.000000 

15 0 2185.000000 
15 1 2185.000000 
15 1 2160.000000 
15 2 2160.000000 
15 2 2172.500000 
15 3 2172.500000 
15 3 2185.500000 
15 4 2185.500000 
15 4 2254.000000 
15 5 2254.000000 
15 5 2210.000000 
15 6 2210.000000 
15 6 2196.000000 
15 7 2196.000000 
15 7 2199.500000 
15 8 2199.500000 
15 8 2128.500000 
15 9 2128.500000 
15 9 2205.500000 
15 10 2205.500000 
15 10 2289.500000 
15 11 2289.500000 
15 11 2213.500000 
15 12 2213.500000 
15 12 2263.500000 
15 13 2263.500000 
15 13 2176.500000 
15 14 2176.500000 
15 14 2209.500000 
15 15 2209.500000 
15 15 2194.500000 
15 16 2194.500000 
15 16 1561.500000 
15 17 1561.500000 
15 17 2243.000000 
15 18 2243.000000 
15 18 2230.000000 
15 19 2230.000000 
15 19 2254.000000 
15 20 2254.000000 
15 20 2271.500000 
15 21 2271.500000 
15 21 2285.500000 
15 22 2285.500000 
15 22 2240.500000 
15 23 2240.500000 
15 23 2256.000000 
15 24 2256.000000 
15 24 2257.000000 
15 25 2257.000000 
15 25 2263.000000 
15 26 2263.000000 
15 26 2311.000000 
15 27 2311.000000 
15 27 2223.500000 
15 28 2223.500000 
15 28 2258.000000 
15 29 2258.000000 
15 29 2244.500000 
15 30 2244.500000 
15 30 2226.000000 
15 31 2226.000000 
15 31 2194.000000 
15 32 2194.000000 
15 32 0.000000 

16 0 2185.000000 
16 1 2185.000000 
16 1 2160.000000 
16 2 2160.000000 
16 2 2172.500000 
16 3 2172.500000 
16 3 2185.500000 
16 4 2185.500000 
16 4 2254.000000 
16 5 2254.000000 
16 5 2210.000000 
16 6 2210.000000 
16 6 2196.000000 
16 7 2196.000000 
16 7 2199.500000 
16 8 2199.500000 
16 8 2128.500000 
16 9 2128.500000 
16 9 2205.500000 
16 10 2205.500000 
16 10 2289.500000 
16 11 2289.500000 
16 11 2213.500000 
16 12 2213.500000 
16 12 2263.500000 
16 13 2263.500000 
16 13 2176.500000 
16 14 2176.500000 
16 14 2209.500000 
16 15 2209.500000 
16 15 2194.500000 
16 16 2194.500000 
16 16 1561.500000 
16 17 1561.500000 
16 17 2243.000000 
16 18 2243.000000 
16 18 2230.000000 
16 19 2230.000000 
16 19 2254.000000 
16 20 2254.000000 
16 20 2271.500000 
16 21 2271.500000 
16 21 2285.500000 
16 22 2285.500000 
16 22 2240.500000 
16 23 2240.500000 
16 23 2256.000000 
16 24 2256.000000 
16 24 2257.000000 
16 25 2257.000000 
16 25 2263.000000 
16 26 2263.000000 
16 26 2311.000000 
16 27 2311.000000 
16 27 2223.500000 
16 28 2223.500000 
16 28 2258.000000 
16 29 2258.000000 
16 29 2244.500000 
16 30 2244.500000 
16 30 2226.000000 
16 31 2226.000000 
16 31 2194.000000 
16 32 2194.000000 
16 32 0.000000 

16 0 2190.000000 
16 1 2190.000000 
16 1 2150.000000 
16 2 2150.000000 
16 2 2163.500000 
16 3 2163.500000 
16 3 2148.500000 
16 4 2148.500000 
16 4 2168.000000 
16 5 2168.000000 
16 5 2146.000000 
16 6 2146.000000 
16 6 2234.000000 
16 7 2234.000000 
16 7 2152.500000 
16 8 2152.500000 
16 8 2128.500000 
16 9 2128.500000 
16 9 2171.500000 
16 10 2171.500000 
16 10 2270.000000 
16 11 2270.000000 
16 11 2200.000000 
16 12 2200.000000 
16 12 2238.500000 
16 13 2238.500000 
16 13 2210.000000 
16 14 2210.000000 
16 14 2173.000000 
16 15 2173.000000 
16 15 2156.000000 
16 16 2156.000000 
16 16 2173.000000 
16 17 2173.000000 
16 17 2169.500000 
16 18 2169.500000 
16 18 2280.500000 
16 19 2280.500000 
16 19 975.500000 
16 20 975.500000 
16 20 2243.500000 
16 21 2243.500000 
16 21 2262.500000 
16 22 2262.500000 
16 22 2242.500000 
16 23 2242.500000 
16 23 2266.000000 
16 24 2266.000000 
16 24 2248.500000 
16 25 2248.500000 
16 25 2225.500000 
16 26 2225.500000 
16 26 2307.500000 
16 27 2307.500000 
16 27 2292.000000 
16 28 2292.000000 
16 28 2322.000000 
16 29 2322.000000 
16 29 2256.500000 
16 30 2256.500000 
16 30 2210.500000 
16 31 2210.500000 
16 31 2217.500000 
16 32 2217.500000 
16 32 0.000000 

17 0 2190.000000 
17 1 2190.000000 
17 1 2150.000000 
17 2 2150.000000 
17 2 2163.500000 
17 3 2163.500000 
17 3 2148.500000 
17 4 2148.500000 
17 4 2168.000000 
17 5 2168.000000 
17 5 2146.000000 
17 6 2146.000000 
17 6 2234.000000 
17 7 2234.000000 
17 7 2152.500000 
17 8 2152.500000 
17 8 2128.500000 
17 9 2128.500000 
17 9 2171.500000 
17 10 2171.500000 
17 10 2270.000000 
17 11 2270.000000 
17 11 2200.000000 
17 12 2200.000000 
17 12 2238.500000 
17 13 2238.500000 
17 13 2210.000000 
17 14 2210.000000 
17 14 2173.000000 
17 15 2173.000000 
17 15 2156.000000 
17 16 2156.000000 
17 16 2173.000000 
17 17 2173.000000 
17 17 2169.500000 
17 18 2169.500000 
17 18 2280.500000 
17 19 2280.500000 
17 19 975.500000 
17 20 975.500000 
17 20 2243.500000 
17 21 2243.500000 
17 21 2262.500000 
17 22 2262.500000 
17 22 2242.500000 
17 23 2242.500000 
17 23 2266.000000 
17 24 2266.000000 
17 24 2248.500000 
17 25 2248.500000 
17 25 2225.500000 
17 26 2225.500000 
17 26 2307.500000 
17 27 2307.500000 
17 27 2292.000000 
17 28 2292.000000 
17 28 2322.000000 
17 29 2322.000000 
17 29 2256.500000 
17 30 2256.500000 
17 30 2210.500000 
17 31 2210.500000 
17 31 2217.500000 
17 32 2217.500000 
17 32 0.000000 

17 0 2128.000000 
17 1 2128.000000 
17 1 2124.000000 
17 2 2124.000000 
17 2 2184.500000 
17 3 2184.500000 
17 3 2190.000000 
17 4 2190.000000 
17 4 2165.500000 
17 5 2165.500000 
17 5 2222.000000 
17 6 2222.000000 
17 6 2158.000000 
17 7 2158.000000 
17 7 2172.000000 
17 8 2172.000000 
17 8 2177.500000 
17 9 2177.500000 
17 9 714.000000 
17 10 714.000000 
17 10 2224.500000 
17 11 2224.500000 
17 11 2232.500000 
17 12 2232.500000 
17 12 2195.500000 
17 13 2195.500000 
17 13 2212.500000 
17 14 2212.500000 
17 14 2197.000000 
17 15 2197.000000 
17 15 2218.000000 
17 16 2218.000000 
17 16 2142.500000 
17 17 2142.500000 
17 17 2203.500000 
17 18 2203.500000 
17 18 2231.500000 
17 19 2231.500000 
17 19 2268.000000 
17 20 2268.000000 
17 20 2315.000000 
17 21 2315.000000 
17 21 2291.500000 
17 22 2291.500000 
17 22 2237.500000 
17 23 2237.500000 
17 23 2236.500000 
17 24 2236.500000 
17 24 2261.000000 
17 25 2261.000000 
17 25 2304.500000 
17 26 2304.500000 
17 26 2268.500000 
17 27 2268.500000 
17 27 2256.000000 
17 28 2256.000000 
17 28 2260.500000 
17 29 2260.500000 
17 29 2252.500000 
17 30 2252.500000 
17 30 2209.500000 
17 31 2209.500000 
17 31 2219.500000 
17 32 2219.500000 
17 32 0.000000 

18 0 2128.000000 
18 1 2128.000000 
18 1 2124.000000 
18 2 2124.000000 
18 2 2184.500000 
18 3 2184.500000 
18 3 2190.000000 
18 4 2190.000000 
18 4 2165.500000 
18 5 2165.500000 
18 5 2222.000000 
18 6 2222.000000 
18 6 2158.000000 
18 7 2158.000000 
18 7 2172.000000 
18 8 2172.000000 
18 8 2177.500000 
18 9 2177.500000 
18 9 714.000000 
18 10 714.000000 
18 10 2224.500000 
18 11 2224.500000 
18 11 2232.500000 
18 12 2232.500000 
18 12 2195.500000 
18 13 2195.500000 
18 13 2212.500000 
18 14 2212.500000 
18 14 2197.000000 
18 15 2197.000000 
18 15 2218.000000 
18 16 2218.000000 
18 16 2142.500000 
18 17 2142.500000 
18 17 2203.500000 
18 18 2203.500000 
18 18 2231.500000 
18 19 2231.500000 
18 19 2268.000000 
18 20 2268.000000 
18 20 2315.000000 
18 21 2315.000000 
18 21 2291.500000 
18 22 2291.500000 
18 22 2237.500000 
18 23 2237.500000 
18 23 2236.500000 
18 24 2236.500000 
18 24 2261.000000 
18 25 2261.000000 
18 25 2304.500000 
18 26 2304.500000 
18 26 2268.500000 
18 27 2268.500000 
18 27 2256.000000 
18 28 2256.000000 
18 28 2260.500000 
18 29 2260.500000 
18 29 2252.500000 
18 30 2252.500000 
18 30 2209.500000 
18 31 2209.500000 
18 31 2219.500000 
18 32 2219.500000 
18 32 0.000000 

18 0 2118.000000 
18 1 2118.000000 
18 1 2180.500000 
18 2 2180.500000 
18 2 2092.000000 
18 3 2092.000000 
18 3 2131.500000 
18 4 2131.500000 
18 4 2132.000000 
18 5 2132.000000 
18 5 2246.000000 
18 6 2246.000000 
18 6 2157.500000 
18 7 2157.500000 
18 7 2210.500000 
18 8 2210.500000 
18 8 2165.500000 
18 9 2165.500000 
18 9 2215.500000 
18 10 2215.500000 
18 10 2207.500000 
18 11 2207.500000 
18 11 2205.500000 
18 12 2205.500000 
18 12 2196.500000 
18 13 2196.500000 
18 13 2205.000000 
18 14 2205.000000 
18 14 2144.000000 
18 15 2144.000000 
18 15 2171.500000 
18 16 2171.500000 
18 16 2155.000000 
18 17 2155.000000 
18 17 2186.500000 
18 18 2186.500000 
18 18 2298.500000 
18 19 2298.500000 
18 19 2271.500000 
18 20 2271.500000 
18 20 2264.500000 
18 21 2264.500000 
18 21 916.000000 
18 22 916.000000 
18 22 2264.000000 
18 23 2264.000000 
18 23 2255.000000 
18 24 2255.000000 
18 24 2287.000000 
18 25 2287.000000 
18 25 2258.500000 
18 26 2258.500000 
18 26 2242.000000 
18 27 2242.000000 
18 27 2168.500000 
18 28 2168.500000 
18 28 2261.000000 
18 29 2261.000000 
18 29 2299.500000 
18 30 2299.500000 
18 30 2328.000000 
18 31 2328.000000 
18 31 2214.000000 
18 32 2214.000000 
18 32 0.000000 

19 0 2118.000000 
19 1 2118.000000 
19 1 2180.500000 
19 2 2180.500000 
19 2 2092.000000 
19 3 2092.000000 
19 3 2131.500000 
19 4 2131.500000 
19 4 2132.000000 
19 5 2132.000000 
19 5 2246.000000 
19 6 2246.000000 
19 6 2157.500000 
19 7 2157.500000 
19 7 2210.500000 
19 8 2210.500000 
19 8 2165.500000 
19 9 2165.500000 
19 9 2215.500000 
19 10 2215.500000 
19 10 2207.500000 
19 11 2207.500000 
19 11 2205.500000 
19 12 2205.500000 
19 12 2196.500000 
19 13 2196.500000 
19 13 2205.000000 
19 14 2205.000000 
19 14 2144.000000 
19 15 2144.000000 
19 15 2171.500000 
19 16 2171.500000 
19 16 2155.000000 
19 17 2155.000000 
19 17 2186.500000 
19 18 2186.500000 
19 18 2298.500000 
19 19 2298.500000 
19 19 2271.500000 
19 20 2271.500000 
19 20 2264.500000 
19 21 2264.500000 
19 21 916.000000 
19 22 916.000000 
19 22 2264.000000 
19 23 2264.000000 
19 23 2255.000000 
19 24 2255.000000 
19 24 2287.000000 
19 25 2287.000000 
19 25 2258.500000 
19 26 2258.500000 
19 26 2242.000000 
19 27 2242.000000 
19 27 2168.500000 
19 28 2168.500000 
19 28 2261.000000 
19 29 2261.000000 
19 29 2299.500000 
19 30 2299.500000 
19 30 2328.000000 
19 31 2328.000000 
19 31 2214.000000 
19 32 2214.000000 
19 32 0.000000 

19 0 2101.000000 
19 1 2101.000000 
19 1 2104.500000 
19 2 2104.500000 
19 2 2135.000000 
19 3 2135.000000 
19 3 2167.500000 
19 4 2167.500000 
19 4 2169.000000 
19 5 2169.000000 
19 5 2170.000000 
19 6 2170.000000 
19 6 852.500000 
19 7 852.500000 
19 7 2150.500000 
19 8 2150.500000 
19 8 2161.500000 
19 9 2161.500000 
19 9 2198.000000 
19 10 2198.000000 
19 10 2202.000000 
19 11 2202.000000 
19 11 2233.500000 
19 12 2233.500000 
19 12 2243.500000 
19 13 2243.500000 
19 13 2146.500000 
19 14 2146.500000 
19 14 2144.500000 
19 15 2144.500000 
19 15 2151.500000 
19 16 2151.500000 
19 16 2117.500000 
19 17 2117.500000 
19 17 2198.000000 
19 18 2198.000000 
19 18 2271.000000 
19 19 2271.000000 
19 19 2258.500000 
19 20 2258.500000 
19 20 2254.000000 
19 21 2254.000000 
19 21 2255.500000 
19 22 2255.500000 
19 22 2243.500000 
19 23 2243.500000 
19 23 2252.500000 
19 24 2252.500000 
19 24 2259.000000 
19 25 2259.000000 
19 25 2214.000000 
19 26 2214.000000 
19 26 2249.500000 
19 27 2249.500000 
19 27 2257.000000 
19 28 2257.000000 
19 28 2290.000000 
19 29 2290.000000 
19 29 2283.000000 
19 30 2283.000000 
19 30 2293.000000 
19 31 2293.000000 
19 31 2240.000000 
19 32 2240.000000 
19 32 0.000000 

20 0 2101.000000 
20 1 2101.000000 
20 1 2104.500000 
20 2 2104.500000 
20 2 2135.000000 
20 3 2135.000000 
20 3 2167.500000 
20 4 2167.500000 
20 4 2169.000000 
20 5 2169.000000 
20 5 2170.000000 
20 6 2170.000000 
20 6 852.500000 
20 7 852.500000 
20 7 2150.500000 
20 8 2150.500000 
20 8 2161.500000 
20 9 2161.500000 
20 9 2198.000000 
20 10 2198.000000 
20 10 2202.000000 
20 11 2202.000000 
20 11 2233.500000 
20 12 2233.500000 
20 12 2243.500000 
20 13 2243.500000 
20 13 2146.500000 
20 14 2146.500000 
20 14 2144.500000 
20 15 2144.500000 
20 15 2151.500000 
20 16 2151.500000 
20 16 2117.500000 
20 17 2117.500000 
20 17 2198.000000 
20 18 2198.000000 
20 18 2271.000000 
20 19 2271.000000 
20 19 2258.500000 
20 20 2258.500000 
20 20 2254.000000 
20 21 2254.000000 
20 21 2255.500000 
20 22 2255.500000 
20 22 2243.500000 
20 23 2243.500000 
20 23 2252.500000 
20 24 2252.500000 
20 24 2259.000000 
20 25 2259.000000 
20 25 2214.000000 
20 26 2214.000000 
20 26 2249.500000 
20 27 2249.500000 
20 27 2257.000000 
20 28 2257.000000 
20 28 2290.000000 
20 29 2290.000000 
20 29 2283.000000 
20 30 2283.000000 
20 30 2293.000000 
20 31 2293.000000 
20 31 2240.000000 
20 32 2240.000000 
20 32 0.000000 

20 0 1525.000000 
20 1 1525.000000 
20 1 2033.500000 
20 2 2033.500000 
20 2 2117.500000 
20 3 2117.500000 
20 3 652.500000 
20 4 652.500000 
20 4 2117.000000 
20 5 2117.000000 
20 5 2177.500000 
20 6 2177.500000 
20 6 2204.500000 
20 7 2204.500000 
20 7 2183.000000 
20 8 2183.000000 
20 8 2216.000000 
20 9 2216.000000 
20 9 2211.000000 
20 10 2211.000000 
20 10 2230.000000 
20 11 2230.000000 
20 11 2266.000000 
20 12 2266.000000 
20 12 2304.500000 
20 13 2304.500000 
20 13 2237.500000 
20 14 2237.500000 
20 14 2182.000000 
20 15 2182.000000 
20 15 2149.500000 
20 16 2149.500000 
20 16 2192.500000 
20 17 2192.500000 
20 17 2212.000000 
20 18 2212.000000 
20 18 2210.000000 
20 19 2210.000000 
20 19 754.500000 
20 20 754.500000 
20 20 2261.500000 
20 21 2261.500000 
20 21 2308.000000 
20 22 2308.000000 
20 22 2260.500000 
20 23 2260.500000 
20 23 2297.000000 
20 24 2297.000000 
20 24 2290.000000 
20 25 2290.000000 
20 25 2240.000000 
20 26 2240.000000 
20 26 2276.500000 
20 27 2276.500000 
20 27 2262.500000 
20 28 2262.500000 
20 28 2285.500000 
20 29 2285.500000 
20 29 2258.500000 
20 30 2258.500000 
20 30 2313.500000 
20 31 2313.500000 
20 31 2207.500000 
20 32 2207.500000 
20 32 0.000000 

21 0 1525.000000 
21 1 1525.000000 
21 1 2033.500000 
21 2 2033.500000 
21 2 2117.500000 
21 3 2117.500000 
21 3 652.500000 
21 4 652.500000 
21 4 2117.000000 
21 5 2117.000000 
21 5 2177.500000 
21 6 2177.500000 
21 6 2204.500000 
21 7 2204.500000 
21 7 2183.000000 
21 8 2183.000000 
21 8 2216.000000 
21 9 2216.000000 
21 9 2211.000000 
21 10 2211.000000 
21 10 2230.000000 
21 11 2230.000000 
21 11 2266.000000 
21 12 2266.000000 
21 12 2304.500000 
21 13 2304.500000 
21 13 2237.500000 
21 14 2237.500000 
21 14 2182.000000 
21 15 2182.000000 
21 15 2149.500000 
21 16 2149.500000 
21 16 2192.500000 
21 17 2192.500000 
21 17 2212.000000 
21 18 2212.000000 
21 18 2210.000000 
21 19 2210.000000 
21 19 754.500000 
21 20 754.500000 
21 20 2261.500000 
21 21 2261.500000 
21 21 2308.000000 
21 22 2308.000000 
21 22 2260.500000 
21 23 2260.500000 
21 23 2297.000000 
21 24 2297.000000 
21 24 2290.000000 
21 25 2290.000000 
21 25 2240.000000 
21 26 2240.000000 
21 26 2276.500000 
21 27 2276.500000 
21 27 2262.500000 
21 28 2262.500000 
21 28 2285.500000 
21 29 2285.500000 
21 29 2258.500000 
21 30 2258.500000 
21 30 2313.500000 
21 31 2313.500000 
21 31 2207.500000 
21 32 2207.500000 
21 32 0.000000 

21 0 2068.000000 
21 1 2068.000000 
21 1 2059.500000 
21 2 2059.500000 
21 2 2099.000000 
21 3 2099.000000 
21 3 2091.500000 
21 4 2091.500000 
21 4 2150.500000 
21 5 2150.500000 
21 5 2141.000000 
21 6 2141.000000 
21 6 2155.000000 
21 7 2155.000000 
21 7 2131.500000 
21 8 2131.500000 
21 8 2201.500000 
21 9 2201.500000 
21 9 2173.000000 
21 10 2173.000000 
21 10 2252.000000 
21 11 2252.000000 
21 11 2303.500000 
21 12 2303.500000 
21 12 2224.500000 
21 13 2224.500000 
21 13 2230.500000 
21 14 2230.500000 
21 14 2244.000000 
21 15 2244.000000 
21 15 2185.500000 
21 16 2185.500000 
21 16 2203.500000 
21 17 2203.500000 
21 17 2207.500000 
21 18 2207.500000 
21 18 2332.000000 
21 19 2332.000000 
21 19 2273.500000 
21 20 2273.500000 
21 20 2244.500000 
21 21 2244.500000 
21 21 2275.000000 
21 22 2275.000000 
21 22 2317.500000 
21 23 2317.500000 
21 23 2237.000000 
21 24 2237.000000 
21 24 2244.000000 
21 25 2244.000000 
21 25 2285.000000 
21 26 2285.000000 
21 26 2288.500000 
21 27 2288.500000 
21 27 2292.000000 
21 28 2292.000000 
21 28 2201.500000 
21 29 2201.500000 
21 29 2204.000000 
21 30 2204.000000 
21 30 2264.500000 
21 31 2264.500000 
21 31 2243.000000 
21 32 2243.000000 
21 32 0.000000 

22 0 2068.000000 
22 1 2068.000000 
22 1 2059.500000 
22 2 2059.500000 
22 2 2099.000000 
22 3 2099.000000 
22 3 2091.500000 
22 4 2091.500000 
22 4 2150.500000 
22 5 2150.500000 
22 5 2141.000000 
22 6 2141.000000 
22 6 2155.000000 
22 7 2155.000000 
22 7 2131.500000 
22 8 2131.500000 
22 8 2201.500000 
22 9 2201.500000 
22 9 2173.000000 
22 10 2173.000000 
22 10 2252.000000 
22 11 2252.000000 
22 11 2303.500000 
22 12 2303.500000 
22 12 2224.500000 
22 13 2224.500000 
22 13 2230.500000 
22 14 2230.500000 
22 14 2244.000000 
22 15 2244.000000 
22 15 2185.500000 
22 16 2185.500000 
22 16 2203.500000 
22 17 2203.500000 
22 17 2207.500000 
22 18 2207.500000 
22 18 2332.000000 
22 19 2332.000000 
22 19 2273.500000 
22 20 2273.500000 
22 20 2244.500000 
22 21 2244.500000 
22 21 2275.000000 
22 22 2275.000000 
22 22 2317.500000 
22 23 2317.500000 
22 23 2237.000000 
22 24 2237.000000 
22 24 2244.000000 
22 25 2244.000000 
22 25 2285.000000 
22 26 2285.000000 
22 26 2288.500000 
22 27 2288.500000 
22 27 2292.000000 
22 28 2292.000000 
22 28 2201.500000 
22 29 2201.500000 
22 29 2204.000000 
22 30 2204.000000 
22 30 2264.500000 
22 31 2264.500000 
22 31 2243.000000 
22 32 2243.000000 
22 32 0.000000 

22 0 2045.500000 
22 1 2045.500000 
22 1 2085.500000 
22 2 2085.500000 
22 2 2067.000000 
22 3 2067.000000 
22 3 2071.500000 
22 4 2071.500000 
22 4 2161.500000 
22 5 2161.500000 
22 5 2147.500000 
22 6 2147.500000 
22 6 2169.500000 
22 7 2169.500000 
22 7 2184.500000 
22 8 2184.500000 
22 8 2217.500000 
22 9 2217.500000 
22 9 2120.500000 
22 10 2120.500000 
22 10 2213.500000 
22 11 2213.500000 
22 11 2248.500000 
22 12 2248.500000 
22 12 2193.000000 
22 13 2193.000000 
22 13 2159.000000 
22 14 2159.000000 
22 14 2233.000000 
22 15 2233.000000 
22 15 2221.500000 
22 16 2221.500000 
22 16 2174.000000 
22 17 2174.000000 
22 17 2215.000000 
22 18 2215.000000 
22 18 2272.000000 
22 19 2272.000000 
22 19 2224.500000 
22 20 2224.500000 
22 20 2284.000000 
22 21 2284.000000 
22 21 2291.000000 
22 22 2291.000000 
22 22 2258.500000 
22 23 2258.500000 
22 23 2323.500000 
22 24 2323.500000 
22 24 2265.000000 
22 25 2265.000000 
22 25 2257.500000 
22 26 2257.500000 
22 26 2286.000000 
22 27 2286.000000 
22 27 2264.000000 
22 28 2264.000000 
22 28 2246.500000 
22 29 2246.500000 
22 29 2274.500000 
22 30 2274.500000 
22 30 2270.000000 
22 31 2270.000000 
22 31 2274.000000 
22 32 2274.000000 
22 32 0.000000 

23 0 2045.500000 
23 1 2045.500000 
23 1 2085.500000 
23 2 2085.500000 
23 2 2067.000000 
23 3 2067.000000 
23 3 2071.500000 
23 4 2071.500000 
23 4 2161.500000 
23 5 2161.500000 
23 5 2147.500000 
23 6 2147.500000 
23 6 2169.500000 
23 7 2169.500000 
23 7 2184.500000 
23 8 2184.500000 
23 8 2217.500000 
23 9 2217.500000 
23 9 2120.500000 
23 10 2120.500000 
23 10 2213.500000 
23 11 2213.500000 
23 11 2248.500000 
23 12 2248.500000 
23 12 2193.000000 
23 13 2193.000000 
23 13 2159.000000 
23 14 2159.000000 
23 14 2233.000000 
23 15 2233.000000 
23 15 2221.500000 
23 16 2221.500000 
23 16 2174.000000 
23 17 2174.000000 
23 17 2215.000000 
23 18 2215.000000 
23 18 2272.000000 
23 19 2272.000000 
23 19 2224.500000 
23 20 2224.500000 
23 20 2284.000000 
23 21 2284.000000 
23 21 2291.000000 
23 22 2291.000000 
23 22 2258.500000 
23 23 2258.500000 
23 23 2323.500000 
23 24 2323.500000 
23 24 2265.000000 
23 25 2265.000000 
23 25 2257.500000 
23 26 2257.500000 
23 26 2286.000000 
23 27 2286.000000 
23 27 2264.000000 
23 28 2264.000000 
23 28 2246.500000 
23 29 2246.500000 
23 29 2274.500000 
23 30 2274.500000 
23 30 2270.000000 
23 31 2270.000000 
23 31 2274.000000 
23 32 2274.000000 
23 32 0.000000 

23 0 2027.000000 
23 1 2027.000000 
23 1 2050.000000 
23 2 2050.000000 
23 2 2091.000000 
23 3 2091.000000 
23 3 2074.500000 
23 4 2074.500000 
23 4 2205.500000 
23 5 2205.500000 
23 5 2217.000000 
23 6 2217.000000 
23 6 2131.000000 
23 7 2131.000000 
23 7 2122.000000 
23 8 2122.000000 
23 8 2226.500000 
23 9 2226.500000 
23 9 2193.500000 
23 10 2193.500000 
23 10 2182.000000 
23 11 2182.000000 
23 11 2273.500000 
23 12 2273.500000 
23 12 2235.500000 
23 13 2235.500000 
23 13 2193.000000 
23 14 2193.000000 
23 14 2202.000000 
23 15 2202.000000 
23 15 2212.500000 
23 16 2212.500000 
23 16 2138.000000 
23 17 2138.000000 
23 17 2246.000000 
23 18 2246.000000 
23 18 2258.500000 
23 19 2258.500000 
23 19 2249.500000 
23 20 2249.500000 
23 20 2270.500000 
23 21 2270.500000 
23 21 2247.500000 
23 22 2247.500000 
23 22 2240.500000 
23 23 2240.500000 
23 23 2235.500000 
23 24 2235.500000 
23 24 2234.000000 
23 25 2234.000000 
23 25 2299.500000 
23 26 2299.500000 
23 26 2329.500000 
23 27 2329.500000 
23 27 2330.500000 
23 28 2330.500000 
23 28 2314.000000 
23 29 2314.000000 
23 29 2305.500000 
23 30 2305.500000 
23 30 2236.000000 
23 31 2236.000000 
23 31 2247.000000 
23 32 2247.000000 
23 32 0.000000 

24 0 2027.000000 
24 1 2027.000000 
24 1 2050.000000 
24 2 2050.000000 
24 2 2091.000000 
24 3 2091.000000 
24 3 2074.500000 
24 4 2074.500000 
24 4 2205.500000 
24 5 2205.500000 
24 5 2217.000000 
24 6 2217.000000 
24 6 2131.000000 
24 7 2131.000000 
24 7 2122.000000 
24 8 2122.000000 
24 8 2226.500000 
24 9 2226.500000 
24 9 2193.500000 
24 10 2193.500000 
24 10 2182.000000 
24 11 2182.000000 
24 11 2273.500000 
24 12 2273.500000 
24 12 2235.500000 
24 13 2235.500000 
24 13 2193.000000 
24 14 2193.000000 
24 14 2202.000000 
24 15 2202.000000 
24 15 2212.500000 
24 16 2212.500000 
24 16 2138.000000 
24 17 2138.000000 
24 17 2246.000000 
24 18 2246.000000 
24 18 2258.500000 
24 19 2258.500000 
24 19 2249.500000 
24 20 2249.500000 
24 20 2270.500000 
24 21 2270.500000 
24 21 2247.500000 
24 22 2247.500000 
24 22 2240.500000 
24 23 2240.500000 
24 23 2235.500000 
24 24 2235.500000 
24 24 2234.000000 
24 25 2234.000000 
24 25 2299.500000 
24 26 2299.500000 
24 26 2329.500000 
24 27 2329.500000 
24 27 2330.500000 
24 28 2330.500000 
24 28 2314.000000 
24 29 2314.000000 
24 29 2305.500000 
24 30 2305.500000 
24 30 2236.000000 
24 31 2236.000000 
24 31 2247.000000 
24 32 2247.000000 
24 32 0.000000 

24 0 2058.500000 
24 1 2058.500000 
24 1 2084.500000 
24 2 2084.500000 
24 2 2122.000000 
24 3 2122.000000 
24 3 2115.000000 
24 4 2115.000000 
24 4 2134.500000 
24 5 2134.500000 
24 5 2137.000000 
24 6 2137.000000 
24 6 2175.000000 
24 7 2175.000000 
24 7 2229.500000 
24 8 2229.500000 
24 8 2185.000000 
24 9 2185.000000 
24 9 2200.500000 
24 10 2200.500000 
24 10 2243.500000 
24 11 2243.500000 
24 11 2236.000000 
24 12 2236.000000 
24 12 2218.000000 
24 13 2218.000000 
24 13 2190.500000 
24 14 2190.500000 
24 14 2227.000000 
24 15 2227.000000 
24 15 2254.000000 
24 16 2254.000000 
24 16 2236.000000 
24 17 2236.000000 
24 17 2245.500000 
24 18 2245.500000 
24 18 2267.500000 
24 19 2267.500000 
24 19 2313.500000 
24 20 2313.500000 
24 20 2241.500000 
24 21 2241.500000 
24 21 2226.500000 
24 22 2226.500000 
24 22 784.000000 
24 23 784.000000 
24 23 2245.000000 
24 24 2245.000000 
24 24 2233.500000 
24 25 2233.500000 
24 25 2332.500000 
24 26 2332.500000 
24 26 2280.000000 
24 27 2280.000000 
24 27 2333.500000 
24 28 2333.500000 
24 28 2261.500000 
24 29 2261.500000 
24 29 2309.000000 
24 30 2309.000000 
24 30 2267.000000 
24 31 2267.000000 
24 31 2260.500000 
24 32 2260.500000 
24 32 0.000000 

25 0 2058.500000 
25 1 2058.500000 
25 1 2084.500000 
25 2 2084.500000 
25 2 2122.000000 
25 3 2122.000000 
25 3 2115.000000 
25 4 2115.000000 
25 4 2134.500000 
25 5 2134.500000 
25 5 2137.000000 
25 6 2137.000000 
25 6 2175.000000 
25 7 2175.000000 
25 7 2229.500000 
25 8 2229.500000 
25 8 2185.000000 
25 9 2185.000000 
25 9 2200.500000 
25 10 2200.500000 
25 10 2243.500000 
25 11 2243.500000 
25 11 2236.000000 
25 12 2236.000000 
25 12 2218.000000 
25 13 2218.000000 
25 13 2190.500000 
25 14 2190.500000 
25 14 2227.000000 
25 15 2227.000000 
25 15 2254.000000 
25 16 2254.000000 
25 16 2236.000000 
25 17 2236.000000 
25 17 2245.500000 
25 18 2245.500000 
25 18 2267.500000 
25 19 2267.500000 
25 19 2313.500000 
25 20 2313.500000 
25 20 2241.500000 
25 21 2241.500000 
25 21 2226.500000 
25 22 2226.500000 
25 22 784.000000 
25 23 784.000000 
25 23 2245.000000 
25 24 2245.000000 
25 24 2233.500000 
25 25 2233.500000 
25 25 2332.500000 
25 26 2332.500000 
25 26 2280.000000 
25 27 2280.000000 
25 27 2333.500000 
25 28 2333.500000 
25 28 2261.500000 
25 29 2261.500000 
25 29 2309.000000 
25 30 2309.000000 
25 30 2267.000000 
25 31 2267.000000 
25 31 2260.500000 
25 32 2260.500000 
25 32 0.000000 

25 0 2058.000000 
25 1 2058.000000 
25 1 2089.000000 
25 2 2089.000000 
25 2 2091.500000 
25 3 2091.500000 
25 3 2134.500000 
25 4 2134.500000 
25 4 2134.000000 
25 5 2134.000000 
25 5 2155.000000 
25 6 2155.000000 
25 6 2222.500000 
25 7 2222.500000 
25 7 2182.500000 
25 8 2182.500000 
25 8 2176.500000 
25 9 2176.500000 
25 9 2195.000000 
25 10 2195.000000 
25 10 2216.000000 
25 11 2216.000000 
25 11 2161.500000 
25 12 2161.500000 
25 12 2263.000000 
25 13 2263.000000 
25 13 2260.500000 
25 14 2260.500000 
25 14 2159.500000 
25 15 2159.500000 
25 15 2297.500000 
25 16 2297.500000 
25 16 2250.000000 
25 17 2250.000000 
25 17 2188.000000 
25 18 2188.000000 
25 18 2249.000000 
25 19 2249.000000 
25 19 2232.500000 
25 20 2232.500000 
25 20 2358.500000 
25 21 2358.500000 
25 21 2313.500000 
25 22 2313.500000 
25 22 2235.500000 
25 23 2235.500000 
25 23 2233.000000 
25 24 2233.000000 
25 24 2274.000000 
25 25 2274.000000 
25 25 2321.000000 
25 26 2321.000000 
25 26 2320.500000 
25 27 2320.500000 
25 27 2244.000000 
25 28 2244.000000 
25 28 2281.500000 
25 29 2281.500000 
25 29 2222.500000 
25 30 2222.500000 
25 30 2219.000000 
25 31 2219.000000 
25 31 1834.500000 
25 32 1834.500000 
25 32 0.000000 

26 0 2058.000000 
26 1 2058.000000 
26 1 2089.000000 
26 2 2089.000000 
26 2 2091.500000 
26 3 2091.500000 
26 3 2134.500000 
26 4 2134.500000 
26 4 2134.000000 
26 5 2134.000000 
26 5 2155.000000 
26 6 2155.000000 
26 6 2222.500000 
26 7 2222.500000 
26 7 2182.500000 
26 8 2182.500000 
26 8 2176.500000 
26 9 2176.500000 
26 9 2195.000000 
26 10 2195.000000 
26 10 2216.000000 
26 11 2216.000000 
26 11 2161.500000 
26 12 2161.500000 
26 12 2263.000000 
26 13 2263.000000 
26 13 2260.500000 
26 14 2260.500000 
26 14 2159.500000 
26 15 2159.500000 
26 15 2297.500000 
26 16 2297.500000 
26 16 2250.000000 
26 17 2250.000000 
26 17 2188.000000 
26 18 2188.000000 
26 18 2249.000000 
26 19 2249.000000 
26 19 2232.500000 
26 20 2232.500000 
26 20 2358.500000 
26 21 2358.500000 
26 21 2313.500000 
26 22 2313.500000 
26 22 2235.500000 
26 23 2235.500000 
26 23 2233.000000 
26 24 2233.000000 
26 24 2274.000000 
26 25 2274.000000 
26 25 2321.000000 
26 26 2321.000000 
26 26 2320.500000 
26 27 2320.500000 
26 27 2244.000000 
26 28 2244.000000 
26 28 2281.500000 
26 29 2281.500000 
26 29 2222.500000 
26 30 2222.500000 
26 30 2219.000000 
26 31 2219.000000 
26 31 1834.500000 
26 32 1834.500000 
26 32 0.000000 

26 0 2057.000000 
26 1 2057.000000 
26 1 2112.000000 
26 2 2112.000000 
26 2 2118.000000 
26 3 2118.000000 
26 3 2150.000000 
26 4 2150.000000 
26 4 2168.000000 
26 5 2168.000000 
26 5 2115.000000 
26 6 2115.000000 
26 6 2230.500000 
26 7 2230.500000 
26 7 2174.500000 
26 8 2174.500000 
26 8 2166.500000 
26 9 2166.500000 
26 9 2275.000000 
26 10 2275.000000 
26 10 2183.000000 
26 11 2183.000000 
26 11 2264.500000 
26 12 2264.500000 
26 12 2193.500000 
26 13 2193.500000 
26 13 2216.500000 
26 14 2216.500000 
26 14 2273.500000 
26 15 2273.500000 
26 15 2326.000000 
26 16 2326.000000 
26 16 2280.500000 
26 17 2280.500000 
26 17 2191.500000 
26 18 2191.500000 
26 18 2309.000000 
26 19 2309.000000 
26 19 2229.000000 
26 20 2229.000000 
26 20 2282.500000 
26 21 2282.500000 
26 21 2240.500000 
26 22 2240.500000 
26 22 2244.500000 
26 23 2244.500000 
26 23 2217.000000 
26 24 2217.000000 
26 24 2205.500000 
26 25 2205.500000 
26 25 2293.000000 
26 26 2293.000000 
26 26 2286.500000 
26 27 2286.500000 
26 27 2294.000000 
26 28 2294.000000 
26 28 2301.000000 
26 29 2301.000000 
26 29 2207.000000 
26 30 2207.000000 
26 30 2201.000000 
26 31 2201.000000 
26 31 2216.000000 
26 32 2216.000000 
26 32 0.000000 

27 0 2057.000000 
27 1 2057.000000 
27 1 2112.000000 
27 2 2112.000000 
27 2 2118.000000 
27 3 2118.000000 
27 3 2150.000000 
27 4 2150.000000 
27 4 2168.000000 
27 5 2168.000000 
27 5 2115.000000 
27 6 2115.000000 
27 6 2230.500000 
27 7 2230.500000 
27 7 2174.500000 
27 8 2174.500000 
27 8 2166.500000 
27 9 2166.500000 
27 9 2275.000000 
27 10 2275.000000 
27 10 2183.000000 
27 11 2183.000000 
27 11 2264.500000 
27 12 2264.500000 
27 12 2193.500000 
27 13 2193.500000 
27 13 2216.500000 
27 14 2216.500000 
27 14 2273.500000 
27 15 2273.500000 
27 15 2326.000000 
27 16 2326.000000 
27 16 2280.500000 
27 17 2280.500000 
27 17 2191.500000 
27 18 2191.500000 
27 18 2309.000000 
27 19 2309.000000 
27 19 2229.000000 
27 20 2229.000000 
27 20 2282.500000 
27 21 2282.500000 
27 21 2240.500000 
27 22 2240.500000 
27 22 2244.500000 
27 23 2244.500000 
27 23 2217.000000 
27 24 2217.000000 
27 24 2205.500000 
27 25 2205.500000 
27 25 2293.000000 
27 26 2293.000000 
27 26 2286.500000 
27 27 2286.500000 
27 27 2294.000000 
27 28 2294.000000 
27 28 2301.000000 
27 29 2301.000000 
27 29 2207.000000 
27 30 2207.000000 
27 30 2201.000000 
27 31 2201.000000 
27 31 2216.000000 
27 32 2216.000000 
27 32 0.000000 

27 0 2060.000000 
27 1 2060.000000 
27 1 2042.500000 
27 2 2042.500000 
27 2 2090.000000 
27 3 2090.000000 
27 3 1390.000000 
27 4 1390.000000 
27 4 2154.500000 
27 5 2154.500000 
27 5 2190.500000 
27 6 2190.500000 
27 6 2225.500000 
27 7 2225.500000 
27 7 2214.000000 
27 8 2214.000000 
27 8 2226.000000 
27 9 2226.000000 
27 9 2253.000000 
27 10 2253.000000 
27 10 2242.000000 
27 11 2242.000000 
27 11 813.000000 
27 12 813.000000 
27 12 2269.500000 
27 13 2269.500000 
27 13 2295.500000 
27 14 2295.500000 
27 14 2273.000000 
27 15 2273.000000 
27 15 2276.500000 
27 16 2276.500000 
27 16 1554.000000 
27 17 1554.000000 
27 17 2263.000000 
27 18 2263.000000 
27 18 2296.000000 
27 19 2296.000000 
27 19 2265.000000 
27 20 2265.000000 
27 20 2188.000000 
27 21 2188.000000 
27 21 2211.500000 
27 22 2211.500000 
27 22 2207.000000 
27 23 2207.000000 
27 23 2203.500000 
27 24 2203.500000 
27 24 2229.500000 
27 25 2229.500000 
27 25 2270.000000 
27 26 2270.000000 
27 26 2239.500000 
27 27 2239.500000 
27 27 2272.000000 
27 28 2272.000000 
27 28 2233.000000 
27 29 2233.000000 
27 29 2239.000000 
27 30 2239.000000 
27 30 2283.500000 
27 31 2283.500000 
27 31 2240.000000 
27 32 2240.000000 
27 32 0.000000 

28 0 2060.000000 
28 1 2060.000000 
28 1 2042.500000 
28 2 2042.500000 
28 2 2090.000000 
28 3 2090.000000 
28 3 1390.000000 
28 4 1390.000000 
28 4 2154.500000 
28 5 2154.500000 
28 5 2190.500000 
28 6 2190.500000 
28 6 2225.500000 
28 7 2225.500000 
28 7 2214.000000 
28 8 2214.000000 
28 8 2226.000000 
28 9 2226.000000 
28 9 2253.000000 
28 10 2253.000000 
28 10 2242.000000 
28 11 2242.000000 
28 11 813.000000 
28 12 813.000000 
28 12 2269.500000 
28 13 2269.500000 
28 13 2295.500000 
28 14 2295.500000 
28 14 2273.000000 
28 15 2273.000000 
28 15 2276.500000 
28 16 2276.500000 
28 16 1554.000000 
28 17 1554.000000 
28 17 2263.000000 
28 18 2263.000000 
28 18 2296.000000 
28 19 2296.000000 
28 19 2265.000000 
28 20 2265.000000 
28 20 2188.000000 
28 21 2188.000000 
28 21 2211.500000 
28 22 2211.500000 
28 22 2207.000000 
28 23 2207.000000 
28 23 2203.500000 
28 24 2203.500000 
28 24 2229.500000 
28 25 2229.500000 
28 25 2270.000000 
28 26 2270.000000 
28 26 2239.500000 
28 27 2239.500000 
28 27 2272.000000 
28 28 2272.000000 
28 28 2233.000000 
28 29 2233.000000 
28 29 2239.000000 
28 30 2239.000000 
28 30 2283.500000 
28 31 2283.500000 
28 31 2240.000000 
28 32 2240.000000 
28 32 0.000000 

28 0 2067.500000 
28 1 2067.500000 
28 1 2085.000000 
28 2 2085.000000 
28 2 2104.000000 
28 3 2104.000000 
28 3 2196.500000 
28 4 2196.500000 
28 4 2203.000000 
28 5 2203.000000 
28 5 2152.500000 
28 6 2152.500000 
28 6 2165.500000 
28 7 2165.500000 
28 7 2181.000000 
28 8 2181.000000 
28 8 2221.500000 
28 9 2221.500000 
28 9 2257.000000 
28 10 2257.000000 
28 10 2235.500000 
28 11 2235.500000 
28 11 2195.000000 
28 12 2195.000000 
28 12 2307.500000 
28 13 2307.500000 
28 13 2305.500000 
28 14 2305.500000 
28 14 2345.000000 
28 15 2345.000000 
28 15 2310.500000 
28 16 2310.500000 
28 16 693.000000 
28 17 693.000000 
28 17 2307.000000 
28 18 2307.000000 
28 18 2295.000000 
28 19 2295.000000 
28 19 2296.000000 
28 20 2296.000000 
28 20 2285.000000 
28 21 2285.000000 
28 21 2236.000000 
28 22 2236.000000 
28 22 2225.000000 
28 23 2225.000000 
28 23 2241.500000 
28 24 2241.500000 
28 24 2225.500000 
28 25 2225.500000 
28 25 2236.000000 
28 26 2236.000000 
28 26 2261.000000 
28 27 2261.000000 
28 27 2302.000000 
28 28 2302.000000 
28 28 2265.500000 
28 29 2265.500000 
28 29 2224.000000 
28 30 2224.000000 
28 30 2295.000000 
28 31 2295.000000 
28 31 2252.500000 
28 32 2252.500000 
28 32 0.000000 

29 0 2067.500000 
29 1 2067.500000 
29 1 2085.000000 
29 2 2085.000000 
29 2 2104.000000 
29 3 2104.000000 
29 3 2196.500000 
29 4 2196.500000 
29 4 2203.000000 
29 5 2203.000000 
29 5 2152.500000 
29 6 2152.500000 
29 6 2165.500000 
29 7 2165.500000 
29 7 2181.000000 
29 8 2181.000000 
29 8 2221.500000 
29 9 2221.500000 
29 9 2257.000000 
29 10 2257.000000 
29 10 2235.500000 
29 11 2235.500000 
29 11 2195.000000 
29 12 2195.000000 
29 12 2307.500000 
29 13 2307.500000 
29 13 2305.500000 
29 14 2305.500000 
29 14 2345.000000 
29 15 2345.000000 
29 15 2310.500000 
29 16 2310.500000 
29 16 693.000000 
29 17 693.000000 
29 17 2307.000000 
29 18 2307.000000 
29 18 2295.000000 
29 19 2295.000000 
29 19 2296.000000 
29 20 2296.000000 
29 20 2285.000000 
29 21 2285.000000 
29 21 2236.000000 
29 22 2236.000000 
29 22 2225.000000 
29 23 2225.000000 
29 23 2241.500000 
29 24 2241.500000 
29 24 2225.500000 
29 25 2225.500000 
29 25 2236.000000 
29 26 2236.000000 
29 26 2261.000000 
29 27 2261.000000 
29 27 2302.000000 
29 28 2302.000000 
29 28 2265.500000 
29 29 2265.500000 
29 29 2224.000000 
29 30 2224.000000 
29 30 2295.000000 
29 31 2295.000000 
29 31 2252.500000 
29 32 2252.500000 
29 32 0.000000 

29 0 2160.500000 
29 1 2160.500000 
29 1 2084.000000 
29 2 2084.000000 
29 2 2106.500000 
29 3 2106.500000 
29 3 2177.000000 
29 4 2177.000000 
29 4 2224.000000 
29 5 2224.000000 
29 5 2199.000000 
29 6 2199.000000 
29 6 2150.500000 
29 7 2150.500000 
29 7 2168.500000 
29 8 2168.500000 
29 8 2201.000000 
29 9 2201.000000 
29 9 2221.000000 
29 10 2221.000000 
29 10 2234.000000 
29 11 2234.000000 
29 11 2223.500000 
29 12 2223.500000 
29 12 2188.000000 
29 13 2188.000000 
29 13 2253.500000 
29 14 2253.500000 
29 14 2302.500000 
29 15 2302.500000 
29 15 683.000000 
29 16 683.000000 
29 16 2269.000000 
29 17 2269.000000 
29 17 2321.500000 
29 18 2321.500000 
29 18 2289.000000 
29 19 2289.000000 
29 19 2272.500000 
29 20 2272.500000 
29 20 2201.500000 
29 21 2201.500000 
29 21 2261.000000 
29 22 2261.000000 
29 22 2204.500000 
29 23 2204.500000 
29 23 2173.000000 
29 24 2173.000000 
29 24 2260.000000 
29 25 2260.000000 
29 25 2239.500000 
29 26 2239.500000 
29 26 2217.500000 
29 27 2217.500000 
29 27 2227.000000 
29 28 2227.000000 
29 28 2270.000000 
29 29 2270.000000 
29 29 2242.500000 
29 30 2242.500000 
29 30 2245.500000 
29 31 2245.500000 
29 31 2239.000000 
29 32 2239.000000 
29 32 0.000000 

30 0 2160.500000 
30 1 2160.500000 
30 1 2084.000000 
30 2 2084.000000 
30 2 2106.500000 
30 3 2106.500000 
30 3 2177.000000 
30 4 2177.000000 
30 4 2224.000000 
30 5 2224.000000 
30 5 2199.000000 
30 6 2199.000000 
30 6 2150.500000 
30 7 2150.500000 
30 7 2168.500000 
30 8 2168.500000 
30 8 2201.000000 
30 9 2201.000000 
30 9 2221.000000 
30 10 2221.000000 
30 10 2234.000000 
30 11 2234.000000 
30 11 2223.500000 
30 12 2223.500000 
30 12 2188.000000 
30 13 2188.000000 
30 13 2253.500000 
30 14 2253.500000 
30 14 2302.500000 
30 15 2302.500000 
30 15 683.000000 
30 16 683.000000 
30 16 2269.000000 
30 17 2269.000000 
30 17 2321.500000 
30 18 2321.500000 
30 18 2289.000000 
30 19 2289.000000 
30 19 2272.500000 
30 20 2272.500000 
30 20 2201.500000 
30 21 2201.500000 
30 21 2261.000000 
30 22 2261.000000 
30 22 2204.500000 
30 23 2204.500000 
30 23 2173.000000 
30 24 2173.000000 
30 24 2260.000000 
30 25 2260.000000 
30 25 2239.500000 
30 26 2239.500000 
30 26 2217.500000 
30 27 2217.500000 
30 27 2227.000000 
30 28 2227.000000 
30 28 2270.000000 
30 29 2270.000000 
30 29 2242.500000 
30 30 2242.500000 
30 30 2245.500000 
30 31 2245.500000 
30 31 2239.000000 
30 32 2239.000000 
30 32 0.000000 

30 0 2061.500000 
30 1 2061.500000 
30 1 2096.500000 
30 2 2096.500000 
30 2 2143.500000 
30 3 2143.500000 
30 3 2175.500000 
30 4 2175.500000 
30 4 2147.500000 
30 5 2147.500000 
30 5 2166.500000 
30 6 2166.500000 
30 6 2185.500000 
30 7 2185.500000 
30 7 2194.000000 
30 8 2194.000000 
30 8 2208.000000 
30 9 2208.000000 
30 9 2251.000000 
30 10 2251.000000 
30 10 2266.000000 
30 11 2266.000000 
30 11 2199.500000 
30 12 2199.500000 
30 12 2230.000000 
30 13 2230.000000 
30 13 2254.000000 
30 14 2254.000000 
30 14 2332.500000 
30 15 2332.500000 
30 15 2278.500000 
30 16 2278.500000 
30 16 2299.500000 
30 17 2299.500000 
30 17 2302.500000 
30 18 2302.500000 
30 18 2263.000000 
30 19 2263.000000 
30 19 2267.500000 
30 20 2267.500000 
30 20 2201.500000 
30 21 2201.500000 
30 21 1598.000000 
30 22 1598.000000 
30 22 2172.500000 
30 23 2172.500000 
30 23 2166.500000 
30 24 2166.500000 
30 24 2168.500000 
30 25 2168.500000 
30 25 2152.000000 
30 26 2152.000000 
30 26 2252.500000 
30 27 2252.500000 
30 27 2243.000000 
30 28 2243.000000 
30 28 2231.500000 
30 29 2231.500000 
30 29 2225.500000 
30 30 2225.500000 
30 30 2271.500000 
30 31 2271.500000 
30 31 2327.500000 
30 32 2327.500000 
30 32 0.000000 

31 0 2061.500000 
31 1 2061.500000 
31 1 2096.500000 
31 2 2096.500000 
31 2 2143.500000 
31 3 2143.500000 
31 3 2175.500000 
31 4 2175.500000 
31 4 2147.500000 
31 5 2147.500000 
31 5 2166.500000 
31 6 2166.500000 
31 6 2185.500000 
31 7 2185.500000 
31 7 2194.000000 
31 8 2194.000000 
31 8 2208.000000 
31 9 2208.000000 
31 9 2251.000000 
31 10 2251.000000 
31 10 2266.000000 
31 11 2266.000000 
31 11 2199.500000 
31 12 2199.500000 
31 12 2230.000000 
31 13 2230.000000 
31 13 2254.000000 
31 14 2254.000000 
31 14 2332.500000 
31 15 2332.500000 
31 15 2278.500000 
31 16 2278.500000 
31 16 2299.500000 
31 17 2299.500000 
31 17 2302.500000 
31 18 2302.500000 
31 18 2263.000000 
31 19 2263.000000 
31 19 2267.500000 
31 20 2267.500000 
31 20 2201.500000 
31 21 2201.500000 
31 21 1598.000000 
31 22 1598.000000 
31 22 2172.500000 
31 23 2172.500000 
31 23 2166.500000 
31 24 2166.500000 
31 24 2168.500000 
31 25 2168.500000 
31 25 2152.000000 
31 26 2152.000000 
31 26 2252.500000 
31 27 2252.500000 
31 27 2243.000000 
31 28 2243.000000 
31 28 2231.500000 
31 29 2231.500000 
31 29 2225.500000 
31 30 2225.500000 
31 30 2271.500000 
31 31 2271.500000 
31 31 2327.500000 
31 32 2327.500000 
31 32 0.000000 

31 0 2133.000000 
31 1 2133.000000 
31 1 2070.000000 
31 2 2070.000000 
31 2 2103.500000 
31 3 2103.500000 
31 3 2210.000000 
31 4 2210.000000 
31 4 2169.000000 
31 5 2169.000000 
31 5 2244.500000 
31 6 2244.500000 
31 6 2127.500000 
31 7 2127.500000 
31 7 2164.000000 
31 8 2164.000000 
31 8 2134.000000 
31 9 2134.000000 
31 9 2221.000000 
31 10 2221.000000 
31 10 2263.000000 
31 11 2263.000000 
31 11 2225.500000 
31 12 2225.500000 
31 12 2231.500000 
31 13 2231.500000 
31 13 2258.000000 
31 14 2258.000000 
31 14 2266.000000 
31 15 2266.000000 
31 15 2279.500000 
31 16 2279.500000 
31 16 665.500000 
31 17 665.500000 
31 17 2216.500000 
31 18 2216.500000 
31 18 2288.000000 
31 19 2288.000000 
31 19 2233.000000 
31 20 2233.000000 
31 20 2246.000000 
31 21 2246.000000 
31 21 2198.500000 
31 22 2198.500000 
31 22 2228.000000 
31 23 2228.000000 
31 23 2185.500000 
31 24 2185.500000 
31 24 2220.500000 
31 25 2220.500000 
31 25 2237.500000 
31 26 2237.500000 
31 26 2264.000000 
31 27 2264.000000 
31 27 2239.500000 
31 28 2239.500000 
31 28 2232.500000 
31 29 2232.500000 
31 29 2269.000000 
31 30 2269.000000 
31 30 2268.000000 
31 31 2268.000000 
31 31 2322.000000 
31 32 2322.000000 
31 32 0.000000 

32 0 2133.000000 
32 1 2133.000000 
32 1 2070.000000 
32 2 2070.000000 
32 2 2103.500000 
32 3 2103.500000 
32 3 2210.000000 
32 4 2210.000000 
32 4 2169.000000 
32 5 2169.000000 
32 5 2244.500000 
32 6 2244.500000 
32 6 2127.500000 
32 7 2127.500000 
32 7 2164.000000 
32 8 2164.000000 
32 8 2134.000000 
32 9 2134.000000 
32 9 2221.000000 
32 10 2221.000000 
32 10 2263.000000 
32 11 2263.000000 
32 11 2225.500000 
32 12 2225.500000 
32 12 2231.500000 
32 13 2231.500000 
32 13 2258.000000 
32 14 2258.000000 
32 14 2266.000000 
32 15 2266.000000 
32 15 2279.500000 
32 16 2279.500000 
32 16 665.500000 
32 17 665.500000 
32 17 2216.500000 
32 18 2216.500000 
32 18 2288.000000 
32 19 2288.000000 
32 19 2233.000000 
32 20 2233.000000 
32 20 2246.000000 
32 21 2246.000000 
32 21 2198.500000 
32 22 2198.500000 
32 22 2228.000000 
32 23 2228.000000 
32 23 2185.500000 
32 24 2185.500000 
32 24 2220.500000 
32 25 2220.500000 
32 25 2237.500000 
32 26 2237.500000 
32 26 2264.000000 
32 27 2264.000000 
32 27 2239.500000 
32 28 2239.500000 
32 28 2232.500000 
32 29 2232.500000 
32 29 2269.000000 
32 30 2269.000000 
32 30 2268.000000 
32 31 2268.000000 
32 31 2322.000000 
32 32 2322.000000 
32 32 0.000000 

